# ------------------------------------------------------------------------
# NASA-GSFC Planetary Spectrum Generator (PSG, Villanueva et al. 2018, 2022)
# Atmospheric transmittance spectrum synthesized with PUMAS
# Synthesized on Thu Nov  9 07:29:35 2023
# Spectral unit: Wavelength [um]
# ------------------------------------------------------------------------
# Wave/freq Total H2 He CH4 H2O CO2 CO Rayleigh CIA
5.000000000e-01 8.79686e-01 9.99999e-01 9.99999e-01 9.99956e-01 9.99653e-01 9.99999e-01 9.99999e-01 8.80028e-01 9.99999e-01
5.025000000e-01 8.79650e-01 9.99999e-01 9.99999e-01 9.99912e-01 9.97134e-01 9.99999e-01 9.99999e-01 8.82255e-01 9.99999e-01
5.050125000e-01 8.79255e-01 9.99999e-01 9.99999e-01 9.99836e-01 9.94298e-01 9.99999e-01 9.99999e-01 8.84441e-01 9.99999e-01
5.075375625e-01 8.82284e-01 9.99999e-01 9.99999e-01 9.99697e-01 9.95445e-01 9.99999e-01 9.99999e-01 8.86589e-01 9.99999e-01
5.100752503e-01 8.87087e-01 9.99999e-01 9.99999e-01 9.99564e-01 9.98619e-01 9.99999e-01 9.99999e-01 8.88699e-01 9.99999e-01
5.126256266e-01 8.90334e-01 9.99999e-01 9.99999e-01 9.99810e-01 9.99695e-01 9.99999e-01 9.99999e-01 8.90773e-01 9.99999e-01
5.151887547e-01 8.92660e-01 9.99999e-01 9.99999e-01 9.99871e-01 9.99959e-01 9.99999e-01 9.99999e-01 8.92811e-01 9.99999e-01
5.177646985e-01 8.94658e-01 9.99997e-01 9.99999e-01 9.99853e-01 9.99974e-01 9.99999e-01 9.99999e-01 8.94812e-01 9.99999e-01
5.203535220e-01 8.96631e-01 9.99998e-01 9.99999e-01 9.99848e-01 9.99986e-01 9.99999e-01 9.99999e-01 8.96779e-01 9.99999e-01
5.229552896e-01 8.98406e-01 9.99998e-01 9.99999e-01 9.99816e-01 9.99844e-01 9.99999e-01 9.99999e-01 8.98711e-01 9.99999e-01
5.255700660e-01 9.00203e-01 9.99996e-01 9.99999e-01 9.99888e-01 9.99663e-01 9.99999e-01 9.99999e-01 9.00608e-01 9.99999e-01
5.281979164e-01 9.02119e-01 9.99993e-01 9.99999e-01 9.99919e-01 9.99694e-01 9.99999e-01 9.99999e-01 9.02473e-01 9.99999e-01
5.308389059e-01 9.03975e-01 9.99999e-01 9.99999e-01 9.99851e-01 9.99784e-01 9.99999e-01 9.99999e-01 9.04304e-01 9.99999e-01
5.334931005e-01 9.05727e-01 9.99996e-01 9.99999e-01 9.99681e-01 9.99906e-01 9.99999e-01 9.99999e-01 9.06102e-01 9.99998e-01
5.361605660e-01 9.07114e-01 9.99999e-01 9.99999e-01 9.99321e-01 9.99847e-01 9.99999e-01 9.99999e-01 9.07869e-01 9.99998e-01
5.388413688e-01 9.07600e-01 9.99999e-01 9.99999e-01 9.98326e-01 9.99470e-01 9.99999e-01 9.99999e-01 9.09604e-01 9.99998e-01
5.415355756e-01 9.05058e-01 9.99997e-01 9.99999e-01 9.96392e-01 9.96739e-01 9.99999e-01 9.99999e-01 9.11308e-01 9.99998e-01
5.442432535e-01 9.07400e-01 9.99999e-01 9.99999e-01 9.96405e-01 9.97472e-01 9.99999e-01 9.99999e-01 9.12981e-01 9.99998e-01
5.469644698e-01 9.12271e-01 9.99999e-01 9.99999e-01 9.99411e-01 9.98014e-01 9.99999e-01 9.99999e-01 9.14624e-01 9.99999e-01
5.496992921e-01 9.15528e-01 9.99999e-01 9.99999e-01 9.99956e-01 9.99267e-01 9.99999e-01 9.99999e-01 9.16238e-01 9.99999e-01
5.524477886e-01 9.17660e-01 9.99999e-01 9.99999e-01 9.99977e-01 9.99845e-01 9.99999e-01 9.99999e-01 9.17822e-01 9.99999e-01
5.552100275e-01 9.19251e-01 9.99999e-01 9.99999e-01 9.99914e-01 9.99946e-01 9.99999e-01 9.99999e-01 9.19378e-01 9.99999e-01
5.579860777e-01 9.20769e-01 9.99999e-01 9.99999e-01 9.99889e-01 9.99960e-01 9.99999e-01 9.99999e-01 9.20906e-01 9.99999e-01
5.607760081e-01 9.22203e-01 9.99999e-01 9.99999e-01 9.99914e-01 9.99863e-01 9.99999e-01 9.99999e-01 9.22406e-01 9.99999e-01
5.635798881e-01 9.23647e-01 9.99999e-01 9.99999e-01 9.99888e-01 9.99859e-01 9.99999e-01 9.99999e-01 9.23879e-01 9.99999e-01
5.663977875e-01 9.24721e-01 9.99999e-01 9.99999e-01 9.99772e-01 9.99574e-01 9.99999e-01 9.99999e-01 9.25325e-01 9.99999e-01
5.692297765e-01 9.20623e-01 9.99999e-01 9.99999e-01 9.99555e-01 9.93836e-01 9.99999e-01 9.99999e-01 9.26744e-01 9.99999e-01
5.720759254e-01 9.23922e-01 9.99999e-01 9.99999e-01 9.99269e-01 9.96185e-01 9.99999e-01 9.99999e-01 9.28138e-01 9.99999e-01
5.749363050e-01 9.25153e-01 9.99999e-01 9.99999e-01 9.98679e-01 9.96632e-01 9.99999e-01 9.99999e-01 9.29506e-01 9.99999e-01
5.778109865e-01 9.28257e-01 9.99999e-01 9.99999e-01 9.98872e-01 9.98339e-01 9.99999e-01 9.99999e-01 9.30849e-01 9.99999e-01
5.807000414e-01 9.31222e-01 9.99999e-01 9.99999e-01 9.99604e-01 9.99380e-01 9.99999e-01 9.99999e-01 9.32168e-01 9.99999e-01
5.836035417e-01 9.32521e-01 9.99999e-01 9.99999e-01 9.99900e-01 9.99090e-01 9.99999e-01 9.99999e-01 9.33462e-01 9.99999e-01
5.865215594e-01 9.30301e-01 9.99999e-01 9.99999e-01 9.99969e-01 9.95288e-01 9.99999e-01 9.99999e-01 9.34732e-01 9.99999e-01
5.894541672e-01 9.05776e-01 9.99999e-01 9.99999e-01 9.99950e-01 9.67778e-01 9.99999e-01 9.99999e-01 9.35979e-01 9.99998e-01
5.924014380e-01 9.10812e-01 9.99999e-01 9.99999e-01 9.99713e-01 9.72119e-01 9.99999e-01 9.99999e-01 9.37203e-01 9.99997e-01
5.953634452e-01 9.15389e-01 9.99999e-01 9.99999e-01 9.99220e-01 9.76234e-01 9.99999e-01 9.99999e-01 9.38405e-01 9.99998e-01
5.983402624e-01 9.29451e-01 9.99999e-01 9.99999e-01 9.99148e-01 9.90057e-01 9.99999e-01 9.99999e-01 9.39584e-01 9.99998e-01
6.013319637e-01 9.38031e-01 9.99999e-01 9.99999e-01 9.99476e-01 9.97641e-01 9.99999e-01 9.99999e-01 9.40741e-01 9.99999e-01
6.043386235e-01 9.41282e-01 9.99993e-01 9.99999e-01 9.99732e-01 9.99641e-01 9.99999e-01 9.99999e-01 9.41877e-01 9.99999e-01
6.073603167e-01 9.42313e-01 9.99997e-01 9.99999e-01 9.99376e-01 9.99904e-01 9.99999e-01 9.99999e-01 9.42992e-01 9.99999e-01
6.103971182e-01 9.42818e-01 9.99999e-01 9.99999e-01 9.98676e-01 9.99979e-01 9.99999e-01 9.99999e-01 9.44085e-01 9.99999e-01
6.134491038e-01 9.40640e-01 9.99998e-01 9.99999e-01 9.95224e-01 9.99994e-01 9.99999e-01 9.99999e-01 9.45159e-01 9.99999e-01
6.165163494e-01 9.34659e-01 9.99998e-01 9.99999e-01 9.87796e-01 9.99992e-01 9.99999e-01 9.99999e-01 9.46213e-01 9.99998e-01
6.195989311e-01 9.29127e-01 9.99999e-01 9.99999e-01 9.80895e-01 9.99975e-01 9.99999e-01 9.99999e-01 9.47246e-01 9.99998e-01
6.226969258e-01 9.39186e-01 9.99999e-01 9.99999e-01 9.90488e-01 9.99940e-01 9.99999e-01 9.99999e-01 9.48261e-01 9.99998e-01
6.258104104e-01 9.46181e-01 9.99994e-01 9.99999e-01 9.97768e-01 9.98994e-01 9.99999e-01 9.99999e-01 9.49257e-01 9.99997e-01
6.289394624e-01 9.45248e-01 9.99996e-01 9.99999e-01 9.99506e-01 9.95247e-01 9.99999e-01 9.99999e-01 9.50234e-01 9.99997e-01
6.320841597e-01 9.47572e-01 9.99992e-01 9.99999e-01 9.99880e-01 9.96319e-01 9.99999e-01 9.99999e-01 9.51192e-01 9.99996e-01
6.352445805e-01 9.49767e-01 9.99998e-01 9.99999e-01 9.99880e-01 9.97637e-01 9.99999e-01 9.99999e-01 9.52133e-01 9.99996e-01
6.384208035e-01 9.51338e-01 9.99951e-01 9.99999e-01 9.99688e-01 9.98553e-01 9.99999e-01 9.99999e-01 9.53056e-01 9.99996e-01
6.416129075e-01 9.51755e-01 9.99999e-01 9.99999e-01 9.99269e-01 9.98418e-01 9.99999e-01 9.99999e-01 9.53961e-01 9.99997e-01
6.448209720e-01 9.49832e-01 9.99986e-01 9.99999e-01 9.99318e-01 9.95435e-01 9.99999e-01 9.99999e-01 9.54850e-01 9.99996e-01
6.480450769e-01 9.30677e-01 9.99999e-01 9.99999e-01 9.99239e-01 9.74540e-01 9.99999e-01 9.99999e-01 9.55722e-01 9.99994e-01
6.512853022e-01 9.36606e-01 9.99999e-01 9.99999e-01 9.98856e-01 9.80248e-01 9.99999e-01 9.99999e-01 9.56577e-01 9.99992e-01
6.545417288e-01 9.40923e-01 9.99999e-01 9.99999e-01 9.98224e-01 9.84529e-01 9.99999e-01 9.99999e-01 9.57416e-01 9.99991e-01
6.578144374e-01 9.47275e-01 9.99988e-01 9.99999e-01 9.97524e-01 9.91021e-01 9.99999e-01 9.99999e-01 9.58239e-01 9.99993e-01
6.611035096e-01 9.54387e-01 9.99997e-01 9.99999e-01 9.97042e-01 9.98095e-01 9.99999e-01 9.99999e-01 9.59047e-01 9.99996e-01
6.644090271e-01 9.53560e-01 9.99999e-01 9.99999e-01 9.94403e-01 9.99048e-01 9.99999e-01 9.99999e-01 9.59839e-01 9.99998e-01
6.677310723e-01 9.55655e-01 9.99999e-01 9.99999e-01 9.95105e-01 9.99727e-01 9.99999e-01 9.99999e-01 9.60617e-01 9.99999e-01
6.710697276e-01 9.58637e-01 9.99998e-01 9.99999e-01 9.97199e-01 9.99948e-01 9.99999e-01 9.99999e-01 9.61380e-01 9.99999e-01
6.744250763e-01 9.61394e-01 9.99999e-01 9.99999e-01 9.99274e-01 9.99962e-01 9.99999e-01 9.99999e-01 9.62128e-01 9.99999e-01
6.777972017e-01 9.62584e-01 9.99999e-01 9.99999e-01 9.99821e-01 9.99888e-01 9.99999e-01 9.99999e-01 9.62862e-01 9.99999e-01
6.811861877e-01 9.62123e-01 9.99999e-01 9.99999e-01 9.99051e-01 9.99433e-01 9.99999e-01 9.99999e-01 9.63582e-01 9.99999e-01
6.845921186e-01 9.61903e-01 9.99999e-01 9.99999e-01 9.98534e-01 9.98990e-01 9.99999e-01 9.99999e-01 9.64288e-01 9.99999e-01
6.880150792e-01 9.63035e-01 9.99999e-01 9.99999e-01 9.99102e-01 9.98879e-01 9.99999e-01 9.99999e-01 9.64981e-01 9.99999e-01
6.914551546e-01 9.56345e-01 9.99999e-01 9.99999e-01 9.99466e-01 9.90881e-01 9.99999e-01 9.99999e-01 9.65661e-01 9.99998e-01
6.949124304e-01 9.19966e-01 9.99999e-01 9.99999e-01 9.98766e-01 9.53199e-01 9.99999e-01 9.99999e-01 9.66327e-01 9.99997e-01
6.983869925e-01 9.35115e-01 9.99999e-01 9.99999e-01 9.95353e-01 9.71561e-01 9.99999e-01 9.99999e-01 9.66981e-01 9.99997e-01
7.018789275e-01 9.24708e-01 9.99999e-01 9.99999e-01 9.90335e-01 9.64975e-01 9.99999e-01 9.99999e-01 9.67623e-01 9.99997e-01
7.053883221e-01 9.39713e-01 9.99999e-01 9.99999e-01 9.92304e-01 9.78051e-01 9.99999e-01 9.99999e-01 9.68252e-01 9.99998e-01
7.089152637e-01 9.52649e-01 9.99999e-01 9.99999e-01 9.96009e-01 9.87198e-01 9.99999e-01 9.99999e-01 9.68869e-01 9.99998e-01
7.124598400e-01 9.56835e-01 9.99999e-01 9.99999e-01 9.97517e-01 9.89419e-01 9.99999e-01 9.99999e-01 9.69475e-01 9.99997e-01
7.160221392e-01 9.01653e-01 9.99999e-01 9.99999e-01 9.92208e-01 9.36775e-01 9.99999e-01 9.99999e-01 9.70069e-01 9.99994e-01
7.196022499e-01 8.07068e-01 9.99999e-01 9.99999e-01 9.68951e-01 8.58122e-01 9.99999e-01 9.99999e-01 9.70651e-01 9.99989e-01
7.232002612e-01 8.16493e-01 9.99999e-01 9.99999e-01 9.37430e-01 8.96808e-01 9.99999e-01 9.99999e-01 9.71222e-01 9.99986e-01
7.268162625e-01 7.64481e-01 9.99999e-01 9.99999e-01 8.83464e-01 8.90455e-01 9.99999e-01 9.99999e-01 9.71783e-01 9.99990e-01
7.304503438e-01 8.21458e-01 9.99995e-01 9.99999e-01 9.32964e-01 9.05539e-01 9.99999e-01 9.99999e-01 9.72332e-01 9.99994e-01
7.341025955e-01 9.13619e-01 9.99975e-01 9.99999e-01 9.69048e-01 9.69097e-01 9.99999e-01 9.99999e-01 9.72871e-01 9.99996e-01
7.377731085e-01 9.39405e-01 9.99991e-01 9.99999e-01 9.87891e-01 9.76907e-01 9.99999e-01 9.99999e-01 9.73400e-01 9.99997e-01
7.414619740e-01 9.65319e-01 9.99999e-01 9.99999e-01 9.97701e-01 9.93453e-01 9.99999e-01 9.99999e-01 9.73918e-01 9.99998e-01
7.451692839e-01 9.72733e-01 9.99998e-01 9.99999e-01 9.99577e-01 9.98684e-01 9.99999e-01 9.99999e-01 9.74427e-01 9.99998e-01
7.488951303e-01 9.74094e-01 9.99996e-01 9.99999e-01 9.99634e-01 9.99515e-01 9.99999e-01 9.99999e-01 9.74926e-01 9.99998e-01
7.526396060e-01 9.74888e-01 9.99997e-01 9.99999e-01 9.99718e-01 9.99744e-01 9.99999e-01 9.99999e-01 9.75415e-01 9.99998e-01
7.564028040e-01 9.75165e-01 9.99999e-01 9.99999e-01 9.99392e-01 9.99860e-01 9.99999e-01 9.99999e-01 9.75894e-01 9.99998e-01
7.601848180e-01 9.73931e-01 9.99998e-01 9.99999e-01 9.97604e-01 9.99903e-01 9.99999e-01 9.99999e-01 9.76365e-01 9.99997e-01
7.639857421e-01 9.72669e-01 9.99999e-01 9.99999e-01 9.95763e-01 9.99981e-01 9.99999e-01 9.99999e-01 9.76826e-01 9.99997e-01
7.678056708e-01 9.72842e-01 9.99999e-01 9.99999e-01 9.95470e-01 9.99990e-01 9.99999e-01 9.99999e-01 9.77279e-01 9.99997e-01
7.716446992e-01 9.72512e-01 9.99999e-01 9.99999e-01 9.94696e-01 9.99976e-01 9.99999e-01 9.99999e-01 9.77722e-01 9.99996e-01
7.755029227e-01 9.69961e-01 9.99999e-01 9.99999e-01 9.91692e-01 9.99930e-01 9.99999e-01 9.99999e-01 9.78158e-01 9.99995e-01
7.793804373e-01 9.63243e-01 9.99999e-01 9.99999e-01 9.84578e-01 9.99744e-01 9.99999e-01 9.99999e-01 9.78584e-01 9.99994e-01
7.832773395e-01 9.54680e-01 9.99998e-01 9.99999e-01 9.76306e-01 9.98827e-01 9.99999e-01 9.99999e-01 9.79003e-01 9.99992e-01
7.871937262e-01 9.48927e-01 9.99998e-01 9.99999e-01 9.81077e-01 9.87568e-01 9.99999e-01 9.99999e-01 9.79413e-01 9.99990e-01
7.911296948e-01 9.37094e-01 9.99998e-01 9.99999e-01 9.80433e-01 9.75495e-01 9.99999e-01 9.99999e-01 9.79816e-01 9.99986e-01
7.950853433e-01 9.36688e-01 9.99908e-01 9.99999e-01 9.72177e-01 9.82988e-01 9.99999e-01 9.99999e-01 9.80210e-01 9.99982e-01
7.990607700e-01 9.24800e-01 9.99999e-01 9.99999e-01 9.72409e-01 9.69875e-01 9.99999e-01 9.99999e-01 9.80598e-01 9.99979e-01
8.030560739e-01 9.37610e-01 9.99960e-01 9.99999e-01 9.79907e-01 9.75423e-01 9.99999e-01 9.99999e-01 9.80977e-01 9.99975e-01
8.070713542e-01 9.55417e-01 9.99946e-01 9.99999e-01 9.87521e-01 9.85926e-01 9.99999e-01 9.99999e-01 9.81349e-01 9.99970e-01
8.111067110e-01 9.36358e-01 9.99999e-01 9.99999e-01 9.91674e-01 9.61840e-01 9.99999e-01 9.99999e-01 9.81714e-01 9.99962e-01
8.151622446e-01 8.58667e-01 9.99175e-01 9.99999e-01 9.96009e-01 8.77888e-01 9.99999e-01 9.99999e-01 9.82072e-01 9.99956e-01
8.192380558e-01 8.73495e-01 9.99999e-01 9.99999e-01 9.98224e-01 8.90739e-01 9.99999e-01 9.99999e-01 9.82423e-01 9.99960e-01
8.233342461e-01 8.66422e-01 9.99999e-01 9.99999e-01 9.99034e-01 8.82495e-01 9.99999e-01 9.99999e-01 9.82767e-01 9.99965e-01
8.274509173e-01 8.97093e-01 9.99699e-01 9.99999e-01 9.99332e-01 9.13147e-01 9.99999e-01 9.99999e-01 9.83105e-01 9.99971e-01
8.315881719e-01 9.13203e-01 9.99999e-01 9.99999e-01 9.99554e-01 9.29016e-01 9.99999e-01 9.99999e-01 9.83436e-01 9.99978e-01
8.357461127e-01 9.42844e-01 9.99999e-01 9.99999e-01 9.93590e-01 9.64608e-01 9.99999e-01 9.99999e-01 9.83760e-01 9.99979e-01
8.399248433e-01 9.44757e-01 9.99999e-01 9.99999e-01 9.78800e-01 9.80860e-01 9.99999e-01 9.99999e-01 9.84078e-01 9.99972e-01
8.441244675e-01 9.61163e-01 9.99999e-01 9.99999e-01 9.86264e-01 9.90039e-01 9.99999e-01 9.99999e-01 9.84390e-01 9.99960e-01
8.483450899e-01 9.71233e-01 9.99807e-01 9.99999e-01 9.91603e-01 9.94851e-01 9.99999e-01 9.99999e-01 9.84696e-01 9.99950e-01
8.525868153e-01 9.65064e-01 9.99959e-01 9.99999e-01 9.86107e-01 9.93630e-01 9.99999e-01 9.99999e-01 9.84996e-01 9.99961e-01
8.568497494e-01 9.45971e-01 9.99981e-01 9.99999e-01 9.62954e-01 9.97061e-01 9.99999e-01 9.99999e-01 9.85290e-01 9.99980e-01
8.611339981e-01 8.89332e-01 9.99998e-01 9.99999e-01 9.03106e-01 9.99164e-01 9.99999e-01 9.99999e-01 9.85579e-01 9.99990e-01
8.654396681e-01 8.72830e-01 9.99999e-01 9.99999e-01 8.85517e-01 9.99810e-01 9.99999e-01 9.99999e-01 9.85862e-01 9.99994e-01
8.697668665e-01 8.92567e-01 9.99999e-01 9.99999e-01 9.05192e-01 9.99898e-01 9.99999e-01 9.99999e-01 9.86139e-01 9.99996e-01
8.741157008e-01 9.24550e-01 9.99991e-01 9.99999e-01 9.37550e-01 9.99709e-01 9.99999e-01 9.99999e-01 9.86411e-01 9.99996e-01
8.784862793e-01 8.64920e-01 9.99999e-01 9.99999e-01 8.77249e-01 9.98930e-01 9.99999e-01 9.99999e-01 9.86678e-01 9.99996e-01
8.828787107e-01 3.46533e-01 9.99999e-01 9.99999e-01 3.51362e-01 9.97406e-01 9.99999e-01 9.99999e-01 9.86939e-01 9.99996e-01
8.872931042e-01 2.34510e-01 9.99999e-01 9.99999e-01 2.37830e-01 9.93201e-01 9.99999e-01 9.99999e-01 9.87195e-01 9.99995e-01
8.917295698e-01 3.38409e-01 9.99999e-01 9.99999e-01 3.44557e-01 9.85665e-01 9.99999e-01 9.99999e-01 9.87447e-01 9.99993e-01
8.961882176e-01 3.47984e-01 9.99996e-01 9.99999e-01 3.83597e-01 8.79156e-01 9.99999e-01 9.99999e-01 9.87693e-01 9.99988e-01
9.006691587e-01 5.19196e-01 9.99999e-01 9.99999e-01 5.99476e-01 8.41390e-01 9.99999e-01 9.99999e-01 9.87935e-01 9.99978e-01
9.051725045e-01 7.69824e-01 9.99999e-01 9.99999e-01 8.49872e-01 9.06483e-01 9.99999e-01 9.99999e-01 9.88171e-01 9.99973e-01
9.096983670e-01 7.95662e-01 9.99999e-01 9.99999e-01 9.52079e-01 8.40725e-01 9.99999e-01 9.99999e-01 9.88404e-01 9.99973e-01
9.142468589e-01 7.98069e-01 9.99999e-01 9.99999e-01 9.60638e-01 8.36982e-01 9.99999e-01 9.99999e-01 9.88631e-01 9.99974e-01
9.188180931e-01 8.44660e-01 9.99999e-01 9.99999e-01 9.84448e-01 8.67397e-01 9.99999e-01 9.99999e-01 9.88855e-01 9.99973e-01
9.234121836e-01 8.80553e-01 9.99999e-01 9.99999e-01 9.92553e-01 8.96990e-01 9.99999e-01 9.99999e-01 9.89074e-01 9.99964e-01
9.280292445e-01 8.24947e-01 9.99999e-01 9.99999e-01 9.96214e-01 8.37097e-01 9.99999e-01 9.99999e-01 9.89288e-01 9.99939e-01
9.326693908e-01 5.17850e-01 9.99999e-01 9.99999e-01 9.98756e-01 5.24061e-01 9.99999e-01 9.99999e-01 9.89499e-01 9.99875e-01
9.373327377e-01 5.24859e-01 9.99999e-01 9.99999e-01 9.99555e-01 5.30660e-01 9.99999e-01 9.99999e-01 9.89705e-01 9.99800e-01
9.420194014e-01 6.28966e-01 9.99984e-01 9.99999e-01 9.98696e-01 6.36348e-01 9.99999e-01 9.99999e-01 9.89907e-01 9.99777e-01
9.467294984e-01 5.82699e-01 9.99959e-01 9.99999e-01 9.93942e-01 5.92211e-01 9.99999e-01 9.99999e-01 9.90106e-01 9.99824e-01
9.514631459e-01 5.93161e-01 9.99923e-01 9.99999e-01 9.78196e-01 6.12389e-01 9.99999e-01 9.99999e-01 9.90300e-01 9.99888e-01
9.562204616e-01 6.56792e-01 9.99969e-01 9.99999e-01 9.79008e-01 6.77140e-01 9.99999e-01 9.99999e-01 9.90491e-01 9.99936e-01
9.610015639e-01 6.70698e-01 9.99998e-01 9.99999e-01 9.25858e-01 7.17978e-01 9.99999e-01 9.99999e-01 9.90678e-01 9.99956e-01
9.658065718e-01 6.92034e-01 9.99999e-01 9.99999e-01 8.71802e-01 7.81720e-01 9.99999e-01 9.99999e-01 9.90861e-01 9.99964e-01
9.706356046e-01 6.41502e-01 9.99996e-01 9.99999e-01 6.90107e-01 9.13646e-01 9.99999e-01 9.99999e-01 9.91041e-01 9.99972e-01
9.754887826e-01 6.66473e-01 9.99988e-01 9.99999e-01 7.60214e-01 8.62102e-01 9.99999e-01 9.99999e-01 9.91217e-01 9.99981e-01
9.803662265e-01 6.25008e-01 9.99997e-01 9.99999e-01 6.73076e-01 9.15444e-01 9.99999e-01 9.99999e-01 9.91390e-01 9.99988e-01
9.852680577e-01 6.64164e-01 9.99991e-01 9.99999e-01 6.87174e-01 9.61225e-01 9.99999e-01 9.99999e-01 9.91559e-01 9.99993e-01
9.901943980e-01 5.32171e-01 9.99998e-01 9.99999e-01 5.40575e-01 9.86929e-01 9.99999e-01 9.99999e-01 9.91725e-01 9.99994e-01
9.951453700e-01 5.80947e-01 9.99997e-01 9.99999e-01 5.87650e-01 9.94026e-01 9.99999e-01 9.99999e-01 9.91888e-01 9.99995e-01
1.000121097e+00 5.18313e-01 9.99999e-01 9.99999e-01 5.24814e-01 9.92337e-01 9.99999e-01 9.99999e-01 9.92047e-01 9.99783e-01
1.005121702e+00 5.50088e-01 9.99998e-01 9.99999e-01 5.57003e-01 9.91757e-01 9.99999e-01 9.99999e-01 9.92204e-01 9.99726e-01
1.010147311e+00 5.99706e-01 9.99999e-01 9.99999e-01 6.07655e-01 9.90562e-01 9.99999e-01 9.99999e-01 9.92357e-01 9.99634e-01
1.015198047e+00 6.15752e-01 9.99999e-01 9.99999e-01 6.22507e-01 9.94623e-01 9.99999e-01 9.99999e-01 9.92508e-01 9.99538e-01
1.020274038e+00 7.14450e-01 9.99999e-01 9.99999e-01 7.22418e-01 9.94677e-01 9.99999e-01 9.99999e-01 9.92655e-01 9.99467e-01
1.025375408e+00 7.78484e-01 9.99999e-01 9.99999e-01 7.86865e-01 9.95982e-01 9.99999e-01 9.99999e-01 9.92800e-01 9.99375e-01
1.030502285e+00 8.68456e-01 9.99999e-01 9.99999e-01 8.76563e-01 9.98251e-01 9.99999e-01 9.99999e-01 9.92941e-01 9.99215e-01
1.035654796e+00 9.14980e-01 9.99999e-01 9.99999e-01 9.22671e-01 9.99508e-01 9.99999e-01 9.99999e-01 9.93080e-01 9.98989e-01
1.040833070e+00 9.50174e-01 9.99999e-01 9.99999e-01 9.58240e-01 9.99597e-01 9.99999e-01 9.99999e-01 9.93216e-01 9.98724e-01
1.046037236e+00 9.68446e-01 9.99999e-01 9.99999e-01 9.76647e-01 9.99849e-01 9.99999e-01 9.99999e-01 9.93350e-01 9.98381e-01
1.051267422e+00 9.90211e-01 9.99999e-01 9.99999e-01 9.98978e-01 9.99837e-01 9.99999e-01 9.99999e-01 9.93481e-01 9.97881e-01
1.056523759e+00 9.90549e-01 9.99999e-01 9.99999e-01 9.99999e-01 9.99720e-01 9.99999e-01 9.99999e-01 9.93609e-01 9.97197e-01
1.061806378e+00 9.89339e-01 9.99999e-01 9.99999e-01 9.99999e-01 9.99154e-01 9.99999e-01 9.99999e-01 9.93735e-01 9.96417e-01
1.067115410e+00 9.87015e-01 9.99999e-01 9.99999e-01 9.99999e-01 9.97609e-01 9.99999e-01 9.99999e-01 9.93858e-01 9.95492e-01
1.072450987e+00 9.83436e-01 9.99999e-01 9.99999e-01 9.99999e-01 9.95172e-01 9.99999e-01 9.99999e-01 9.93979e-01 9.94190e-01
1.077813242e+00 9.71252e-01 9.99999e-01 9.99999e-01 9.99999e-01 9.84313e-01 9.99999e-01 9.99999e-01 9.94098e-01 9.92588e-01
1.083202308e+00 9.60812e-01 9.99993e-01 9.99999e-01 9.99829e-01 9.75247e-01 9.99999e-01 9.99999e-01 9.94214e-01 9.90943e-01
1.088618319e+00 9.42076e-01 9.99999e-01 9.99999e-01 9.86998e-01 9.67527e-01 9.99999e-01 9.99999e-01 9.94328e-01 9.88944e-01
1.094061411e+00 8.87311e-01 9.99999e-01 9.99999e-01 9.47410e-01 9.38280e-01 9.99999e-01 9.99999e-01 9.94440e-01 9.86078e-01
1.099531718e+00 8.56597e-01 9.99965e-01 9.99999e-01 9.52044e-01 8.94455e-01 9.99999e-01 9.99999e-01 9.94549e-01 9.82460e-01
1.105029377e+00 7.97850e-01 9.99999e-01 9.99999e-01 9.19122e-01 8.59394e-01 9.99999e-01 9.99999e-01 9.94657e-01 9.78404e-01
1.110554523e+00 6.75038e-01 9.99999e-01 9.99999e-01 8.05852e-01 8.02875e-01 9.99999e-01 9.99999e-01 9.94762e-01 9.72941e-01
1.116107296e+00 4.30281e-01 9.98991e-01 9.99999e-01 6.38070e-01 5.66320e-01 9.99999e-01 9.99999e-01 9.94865e-01 9.65247e-01
1.121687832e+00 2.54552e-01 9.99999e-01 9.99999e-01 3.94078e-01 4.47757e-01 9.99999e-01 9.99999e-01 9.94966e-01 9.56593e-01
1.127296272e+00 1.53206e-01 9.99999e-01 9.99999e-01 2.29407e-01 4.19343e-01 9.99999e-01 9.99999e-01 9.95065e-01 9.52443e-01
1.132932753e+00 1.90026e-01 9.99999e-01 9.99999e-01 2.67933e-01 4.59980e-01 9.99999e-01 9.99999e-01 9.95162e-01 9.55148e-01
1.138597417e+00 2.63353e-01 9.99064e-01 9.99999e-01 3.20884e-01 6.56572e-01 9.99999e-01 9.99999e-01 9.95258e-01 9.58059e-01
1.144290404e+00 2.16350e-01 9.99999e-01 9.99999e-01 3.06050e-01 5.27264e-01 9.99999e-01 9.99999e-01 9.95351e-01 9.55867e-01
1.150011856e+00 8.35834e-02 9.99999e-01 9.99999e-01 9.99986e-02 6.05296e-01 9.99999e-01 9.99999e-01 9.95443e-01 9.48638e-01
1.155761915e+00 5.06625e-02 9.99999e-01 9.99999e-01 5.69642e-02 6.95421e-01 9.99999e-01 9.99999e-01 9.95533e-01 9.42463e-01
1.161540725e+00 5.53480e-02 9.93154e-01 9.99999e-01 5.97131e-02 8.24852e-01 9.99999e-01 9.99999e-01 9.95621e-01 9.45188e-01
1.167348428e+00 6.85565e-02 9.99998e-01 9.99999e-01 7.31017e-02 8.69411e-01 9.99999e-01 9.99999e-01 9.95707e-01 9.55668e-01
1.173185171e+00 1.25665e-01 9.99999e-01 9.99999e-01 1.33156e-01 8.69586e-01 9.99999e-01 9.99999e-01 9.95792e-01 9.64195e-01
1.179051096e+00 2.08127e-01 9.99999e-01 9.99999e-01 2.20383e-01 8.98829e-01 9.99999e-01 9.99999e-01 9.95874e-01 9.65529e-01
1.184946352e+00 3.14282e-01 9.99827e-01 9.99999e-01 3.36858e-01 9.06295e-01 9.99999e-01 9.99999e-01 9.95956e-01 9.62086e-01
1.190871084e+00 3.68397e-01 9.98419e-01 9.99999e-01 3.96369e-01 9.03091e-01 9.99999e-01 9.99999e-01 9.96035e-01 9.58323e-01
1.196825439e+00 5.86194e-01 9.99999e-01 9.99999e-01 6.41928e-01 9.00542e-01 9.99999e-01 9.99999e-01 9.96114e-01 9.55710e-01
1.202809566e+00 6.50640e-01 9.99999e-01 9.99999e-01 7.19384e-01 8.96693e-01 9.99999e-01 9.99999e-01 9.96190e-01 9.56727e-01
1.208823614e+00 7.95852e-01 9.99999e-01 9.99999e-01 8.67774e-01 9.33806e-01 9.99999e-01 9.99999e-01 9.96265e-01 9.63532e-01
1.214867732e+00 8.28433e-01 9.99999e-01 9.99999e-01 9.03346e-01 9.35671e-01 9.99999e-01 9.99999e-01 9.96339e-01 9.71189e-01
1.220942071e+00 8.85027e-01 9.99999e-01 9.99999e-01 9.43132e-01 9.61065e-01 9.99999e-01 9.99999e-01 9.96411e-01 9.74539e-01
1.227046781e+00 8.86551e-01 9.99999e-01 9.99999e-01 9.38152e-01 9.70250e-01 9.99999e-01 9.99999e-01 9.96482e-01 9.73308e-01
1.233182015e+00 8.94649e-01 9.99987e-01 9.99999e-01 9.31706e-01 9.91295e-01 9.99999e-01 9.99999e-01 9.96551e-01 9.70348e-01
1.239347925e+00 9.29315e-01 9.95001e-01 9.99999e-01 9.64963e-01 9.97639e-01 9.99999e-01 9.99999e-01 9.96619e-01 9.71554e-01
1.245544665e+00 9.49476e-01 9.99455e-01 9.99999e-01 9.75416e-01 9.99176e-01 9.99999e-01 9.99999e-01 9.96686e-01 9.77801e-01
1.251772388e+00 9.68068e-01 9.99993e-01 9.99999e-01 9.87137e-01 9.99041e-01 9.99999e-01 9.99999e-01 9.96751e-01 9.84785e-01
1.258031250e+00 9.78882e-01 9.99997e-01 9.99999e-01 9.92871e-01 9.99155e-01 9.99999e-01 9.99999e-01 9.96815e-01 9.89870e-01
1.264321406e+00 9.82608e-01 9.99996e-01 9.99999e-01 9.94080e-01 9.98292e-01 9.99999e-01 9.99999e-01 9.96878e-01 9.93193e-01
1.270643013e+00 9.84711e-01 9.99999e-01 9.99999e-01 9.95610e-01 9.96945e-01 9.99999e-01 9.99999e-01 9.96940e-01 9.95031e-01
1.276996228e+00 9.85050e-01 9.99999e-01 9.99999e-01 9.97328e-01 9.94799e-01 9.99999e-01 9.99999e-01 9.97000e-01 9.95739e-01
1.283381209e+00 9.85697e-01 9.99999e-01 9.99999e-01 9.97971e-01 9.94807e-01 9.99999e-01 9.99999e-01 9.97059e-01 9.95731e-01
1.289798116e+00 9.72623e-01 9.99815e-01 9.99999e-01 9.95851e-01 9.83439e-01 9.99999e-01 9.99999e-01 9.97117e-01 9.95591e-01
1.296247106e+00 9.39484e-01 9.99942e-01 9.99999e-01 9.78675e-01 9.63203e-01 9.99999e-01 9.99999e-01 9.97174e-01 9.96015e-01
1.302728342e+00 8.53711e-01 9.99999e-01 9.99999e-01 9.09842e-01 9.22714e-01 9.99999e-01 9.99999e-01 9.97230e-01 9.97001e-01
1.309241983e+00 6.81677e-01 9.99998e-01 9.99999e-01 7.07695e-01 9.04433e-01 9.99999e-01 9.99999e-01 9.97284e-01 9.97909e-01
1.315788193e+00 5.81116e-01 9.99999e-01 9.99999e-01 6.08027e-01 8.56258e-01 9.99999e-01 9.99999e-01 9.97338e-01 9.98449e-01
1.322367134e+00 5.71559e-01 9.99999e-01 9.99999e-01 6.07914e-01 8.22247e-01 9.99999e-01 9.99999e-01 9.97390e-01 9.98674e-01
1.328978970e+00 4.05111e-01 9.99999e-01 9.99999e-01 4.43774e-01 7.28043e-01 9.99999e-01 9.99999e-01 9.97442e-01 9.98683e-01
1.335623865e+00 3.24390e-01 9.99823e-01 9.99999e-01 3.63297e-01 6.85138e-01 9.99999e-01 9.99999e-01 9.97492e-01 9.98585e-01
1.342301984e+00 1.90966e-01 9.99997e-01 9.99999e-01 2.09358e-01 6.51147e-01 9.99999e-01 9.99999e-01 9.97542e-01 9.98439e-01
1.349013494e+00 9.33012e-02 9.99985e-01 9.99999e-01 1.59668e-01 2.70408e-01 9.99999e-01 9.99999e-01 9.97590e-01 9.98010e-01
1.355758561e+00 1.58925e-02 9.99972e-01 9.99999e-01 8.82982e-02 4.71994e-02 9.99999e-01 9.99999e-01 9.97638e-01 9.96865e-01
1.362537354e+00 4.66214e-03 9.99988e-01 9.99999e-01 1.20465e-01 9.21141e-03 9.99999e-01 9.99999e-01 9.97684e-01 9.95347e-01
1.369350041e+00 7.61895e-03 9.99772e-01 9.99999e-01 1.26273e-01 1.48777e-02 9.99999e-01 9.99999e-01 9.97730e-01 9.94182e-01
1.376196791e+00 1.78576e-02 9.99996e-01 9.99999e-01 8.11522e-02 6.42593e-02 9.99999e-01 9.99999e-01 9.97775e-01 9.93850e-01
1.383077775e+00 5.73163e-03 9.99804e-01 9.99999e-01 5.73968e-02 1.88688e-02 9.99999e-01 9.99999e-01 9.97819e-01 9.94424e-01
1.389993164e+00 1.92110e-02 9.99997e-01 9.99999e-01 7.03382e-02 8.17853e-02 9.99999e-01 9.99999e-01 9.97862e-01 9.95359e-01
1.396943130e+00 2.49003e-02 9.99850e-01 9.99999e-01 9.41766e-02 8.11404e-02 9.99999e-01 9.99999e-01 9.97904e-01 9.96488e-01
1.403927846e+00 2.93598e-02 9.99999e-01 9.99999e-01 9.84136e-02 9.46159e-02 9.99999e-01 9.99999e-01 9.97945e-01 9.97497e-01
1.410947485e+00 4.40980e-02 9.99998e-01 9.99999e-01 1.09838e-01 1.30740e-01 9.99999e-01 9.99999e-01 9.97986e-01 9.98450e-01
1.418002222e+00 9.68980e-02 9.99999e-01 9.99999e-01 2.52362e-01 1.84242e-01 9.99999e-01 9.99999e-01 9.98025e-01 9.98877e-01
1.425092233e+00 1.51943e-01 9.99951e-01 9.99999e-01 2.73718e-01 3.23829e-01 9.99999e-01 9.99999e-01 9.98064e-01 9.99062e-01
1.432217694e+00 2.01815e-01 9.99978e-01 9.99999e-01 4.10379e-01 3.23375e-01 9.99999e-01 9.99999e-01 9.98103e-01 9.99104e-01
1.439378783e+00 2.73252e-01 9.99999e-01 9.99999e-01 5.45321e-01 3.80806e-01 9.99999e-01 9.99999e-01 9.98140e-01 9.99057e-01
1.446575677e+00 3.45701e-01 9.99909e-01 9.99999e-01 6.33224e-01 4.43717e-01 9.99999e-01 9.99999e-01 9.98177e-01 9.99013e-01
1.453808555e+00 4.04643e-01 9.99999e-01 9.99999e-01 6.99579e-01 4.90415e-01 9.99999e-01 9.99999e-01 9.98213e-01 9.98996e-01
1.461077598e+00 5.22323e-01 9.99999e-01 9.99999e-01 7.93175e-01 5.95156e-01 9.99999e-01 9.99999e-01 9.98248e-01 9.98991e-01
1.468382986e+00 3.92259e-01 9.99991e-01 9.99999e-01 7.51423e-01 4.48984e-01 9.99999e-01 9.99999e-01 9.98282e-01 9.99003e-01
1.475724901e+00 4.75946e-01 9.99995e-01 9.99999e-01 7.36715e-01 5.41523e-01 9.99999e-01 9.99999e-01 9.98316e-01 9.99021e-01
1.483103525e+00 5.49114e-01 9.99999e-01 9.99999e-01 8.21302e-01 6.03289e-01 9.99999e-01 9.99999e-01 9.98349e-01 9.99007e-01
1.490519043e+00 6.92672e-01 9.99999e-01 9.99999e-01 9.10224e-01 7.30470e-01 9.99999e-01 9.99999e-01 9.98382e-01 9.98953e-01
1.497971638e+00 8.02575e-01 9.99997e-01 9.99999e-01 9.41080e-01 8.38285e-01 9.99999e-01 9.99999e-01 9.98414e-01 9.98873e-01
1.505461496e+00 8.25294e-01 9.99999e-01 9.99999e-01 9.50809e-01 8.56337e-01 9.99999e-01 9.99999e-01 9.98445e-01 9.98771e-01
1.512988804e+00 8.94760e-01 9.99999e-01 9.99999e-01 9.62108e-01 9.23990e-01 9.99999e-01 9.99999e-01 9.98476e-01 9.98648e-01
1.520553748e+00 9.40255e-01 9.99999e-01 9.99999e-01 9.77601e-01 9.61796e-01 9.99999e-01 9.99999e-01 9.98506e-01 9.98511e-01
1.528156517e+00 9.53191e-01 9.99999e-01 9.99999e-01 9.85291e-01 9.68187e-01 9.99999e-01 9.99999e-01 9.98535e-01 9.98359e-01
1.535797299e+00 9.74233e-01 9.99999e-01 9.99999e-01 9.90117e-01 9.86598e-01 9.99999e-01 9.99999e-01 9.98564e-01 9.98190e-01
1.543476286e+00 9.78706e-01 9.99999e-01 9.99999e-01 9.91688e-01 9.89918e-01 9.99999e-01 9.99999e-01 9.98593e-01 9.98004e-01
1.551193667e+00 9.85008e-01 9.99999e-01 9.99999e-01 9.94588e-01 9.93747e-01 9.99999e-01 9.99999e-01 9.98620e-01 9.97800e-01
1.558949636e+00 9.85071e-01 9.99999e-01 9.99999e-01 9.92246e-01 9.96390e-01 9.99999e-01 9.99999e-01 9.98648e-01 9.97573e-01
1.566744384e+00 9.83592e-01 9.99999e-01 9.99999e-01 9.92325e-01 9.95029e-01 9.99999e-01 9.99999e-01 9.98674e-01 9.97317e-01
1.574578106e+00 9.88969e-01 9.99999e-01 9.99999e-01 9.96502e-01 9.96648e-01 9.99999e-01 9.99999e-01 9.98700e-01 9.97030e-01
1.582450996e+00 9.88620e-01 9.99999e-01 9.99999e-01 9.96808e-01 9.96280e-01 9.99999e-01 9.99999e-01 9.98726e-01 9.96709e-01
1.590363251e+00 9.82345e-01 9.99999e-01 9.99999e-01 9.91553e-01 9.95412e-01 9.99999e-01 9.99999e-01 9.98751e-01 9.96347e-01
1.598315067e+00 9.56516e-01 9.99999e-01 9.99999e-01 9.65363e-01 9.95207e-01 9.99999e-01 9.99999e-01 9.98776e-01 9.95941e-01
1.606306643e+00 9.09786e-01 9.99999e-01 9.99999e-01 9.15615e-01 9.98375e-01 9.99999e-01 9.99999e-01 9.98800e-01 9.95487e-01
1.614338176e+00 6.96574e-01 9.99999e-01 9.99999e-01 7.01061e-01 9.97903e-01 9.99999e-01 9.99999e-01 9.98824e-01 9.94981e-01
1.622409867e+00 3.82090e-01 9.99999e-01 9.99999e-01 3.84696e-01 9.98817e-01 9.99999e-01 9.99999e-01 9.98847e-01 9.94418e-01
1.630521916e+00 2.48430e-01 9.99999e-01 9.99999e-01 2.50271e-01 9.98907e-01 9.99999e-01 9.99999e-01 9.98870e-01 9.93786e-01
1.638674526e+00 2.44705e-01 9.99999e-01 9.99999e-01 2.46698e-01 9.96813e-01 9.99999e-01 9.99999e-01 9.98892e-01 9.93081e-01
1.646867898e+00 1.47601e-01 9.99999e-01 9.99999e-01 1.48925e-01 9.95849e-01 9.99999e-01 9.99999e-01 9.98914e-01 9.92281e-01
1.655102238e+00 1.82884e-01 9.99999e-01 9.99999e-01 1.84705e-01 9.93892e-01 9.99999e-01 9.99999e-01 9.98935e-01 9.91365e-01
1.663377749e+00 2.31550e-01 9.99999e-01 9.99999e-01 2.34102e-01 9.93159e-01 9.99999e-01 9.99999e-01 9.98956e-01 9.90321e-01
1.671694638e+00 1.24665e-01 9.99999e-01 9.99999e-01 1.26180e-01 9.96045e-01 9.99999e-01 9.99999e-01 9.98977e-01 9.89141e-01
1.680053111e+00 2.24917e-01 9.99999e-01 9.99999e-01 2.27953e-01 9.94493e-01 9.99999e-01 9.99999e-01 9.98997e-01 9.87831e-01
1.688453377e+00 1.37904e-01 9.99999e-01 9.99999e-01 1.39971e-01 9.89220e-01 9.99999e-01 9.99999e-01 9.99017e-01 9.86372e-01
1.696895643e+00 5.45648e-02 9.99999e-01 9.99999e-01 5.54758e-02 9.80759e-01 9.99999e-01 9.99999e-01 9.99036e-01 9.84724e-01
1.705380122e+00 1.46164e-02 9.99999e-01 9.99999e-01 1.48895e-02 9.83011e-01 9.99999e-01 9.99999e-01 9.99055e-01 9.82809e-01
1.713907022e+00 8.64195e-02 9.99999e-01 9.99999e-01 8.82551e-02 9.70227e-01 9.99999e-01 9.99999e-01 9.99074e-01 9.80578e-01
1.722476557e+00 5.85109e-02 9.99999e-01 9.99999e-01 5.99252e-02 9.48788e-01 9.99999e-01 9.99999e-01 9.99092e-01 9.77997e-01
1.731088940e+00 2.58743e-02 9.99999e-01 9.99999e-01 2.65842e-02 9.56921e-01 9.99999e-01 9.99999e-01 9.99110e-01 9.75136e-01
1.739744385e+00 1.04098e-01 9.99999e-01 9.99999e-01 1.07549e-01 9.24094e-01 9.99999e-01 9.99999e-01 9.99127e-01 9.72124e-01
1.748443107e+00 1.46229e-01 9.99999e-01 9.99999e-01 1.51917e-01 9.04727e-01 9.99999e-01 9.99999e-01 9.99145e-01 9.69012e-01
1.757185322e+00 1.48145e-01 9.99999e-01 9.99999e-01 1.54401e-01 9.13011e-01 9.99999e-01 9.99999e-01 9.99162e-01 9.65686e-01
1.765971249e+00 1.38662e-01 9.99999e-01 9.99999e-01 1.45969e-01 8.58651e-01 9.99999e-01 9.99999e-01 9.99178e-01 9.61845e-01
1.774801105e+00 8.73159e-02 9.99999e-01 9.99999e-01 9.25347e-02 8.23553e-01 9.99999e-01 9.99999e-01 9.99194e-01 9.57232e-01
1.783675111e+00 1.65150e-01 9.99999e-01 9.99999e-01 1.80804e-01 7.40292e-01 9.99999e-01 9.99999e-01 9.99210e-01 9.51591e-01
1.792593486e+00 6.95611e-02 9.99999e-01 9.99999e-01 7.74605e-02 6.37479e-01 9.99999e-01 9.99999e-01 9.99226e-01 9.44798e-01
1.801556454e+00 1.71917e-01 9.99999e-01 9.99999e-01 2.67606e-01 3.75471e-01 9.99999e-01 9.99999e-01 9.99241e-01 9.36979e-01
1.810564236e+00 1.28407e-01 9.99999e-01 9.99999e-01 2.76202e-01 2.47869e-01 9.99999e-01 9.99999e-01 9.99256e-01 9.28272e-01
1.819617057e+00 1.07954e-01 9.99999e-01 9.99999e-01 2.98968e-01 2.05771e-01 9.99999e-01 9.99999e-01 9.99271e-01 9.18589e-01
1.828715142e+00 3.55946e-02 9.99999e-01 9.99999e-01 3.52556e-01 5.09582e-02 9.99999e-01 9.99999e-01 9.99285e-01 9.07401e-01
1.837858718e+00 6.60012e-03 9.99967e-01 9.99999e-01 3.12804e-01 9.84710e-03 9.99999e-01 9.99999e-01 9.99299e-01 8.93745e-01
1.847048012e+00 2.09702e-02 9.99999e-01 9.99999e-01 4.51162e-01 2.97952e-02 9.99999e-01 9.99999e-01 9.99313e-01 8.77928e-01
1.856283252e+00 1.37609e-02 9.99999e-01 9.99999e-01 5.46019e-01 1.86415e-02 9.99999e-01 9.99999e-01 9.99327e-01 8.59603e-01
1.865564668e+00 4.32524e-02 9.99999e-01 9.99999e-01 6.77802e-01 5.69541e-02 9.99999e-01 9.99999e-01 9.99340e-01 8.39076e-01
1.874892491e+00 1.65379e-02 9.99999e-01 9.99999e-01 7.91722e-01 2.11007e-02 9.99999e-01 9.99999e-01 9.99353e-01 8.17240e-01
1.884266954e+00 5.67771e-02 9.99999e-01 9.99999e-01 8.55108e-01 7.47308e-02 9.99999e-01 9.99999e-01 9.99366e-01 7.94609e-01
1.893688289e+00 5.86289e-02 9.99769e-01 9.99999e-01 8.69636e-01 7.81092e-02 9.99999e-01 9.99999e-01 9.99378e-01 7.71329e-01
1.903156730e+00 1.84897e-02 9.99999e-01 9.99999e-01 8.46024e-01 2.52678e-02 9.99999e-01 9.99999e-01 9.99390e-01 7.46171e-01
1.912672514e+00 2.96623e-02 9.99999e-01 9.99999e-01 7.85650e-01 4.22123e-02 9.99999e-01 9.99999e-01 9.99402e-01 7.19034e-01
1.922235876e+00 1.09001e-01 9.99999e-01 9.99999e-01 7.63232e-01 1.65558e-01 9.99999e-01 9.99999e-01 9.99414e-01 6.91771e-01
1.931847056e+00 1.08378e-01 9.99999e-01 9.99999e-01 8.55385e-01 1.67621e-01 9.99999e-01 9.99999e-01 9.99426e-01 6.64671e-01
1.941506291e+00 1.66887e-01 9.99999e-01 9.99999e-01 8.93237e-01 2.66052e-01 9.99999e-01 9.99999e-01 9.99437e-01 6.37461e-01
1.951213822e+00 2.77344e-01 9.99986e-01 9.99999e-01 8.73125e-01 4.71368e-01 9.99999e-01 9.99999e-01 9.99448e-01 6.09997e-01
1.960969892e+00 2.92788e-01 9.96814e-01 9.99999e-01 9.24738e-01 5.13326e-01 9.99999e-01 9.99999e-01 9.99459e-01 5.81455e-01
1.970774741e+00 4.13076e-01 9.99999e-01 9.99999e-01 9.32151e-01 7.66690e-01 9.99999e-01 9.99999e-01 9.99470e-01 5.51091e-01
1.980628615e+00 4.09409e-01 9.99999e-01 9.99999e-01 9.42294e-01 8.08799e-01 9.99999e-01 9.99999e-01 9.99480e-01 5.16758e-01
1.990531758e+00 3.93083e-01 9.99999e-01 9.99999e-01 9.59959e-01 8.33027e-01 9.99999e-01 9.99999e-01 9.99490e-01 4.77915e-01
2.000484417e+00 3.79069e-01 9.99999e-01 9.99999e-01 9.72830e-01 8.77091e-01 9.99999e-01 9.99999e-01 9.99500e-01 4.36159e-01
2.010486839e+00 3.64933e-01 9.99999e-01 9.99999e-01 9.82254e-01 9.31103e-01 9.99999e-01 9.99999e-01 9.99510e-01 3.94897e-01
2.020539273e+00 3.24557e-01 9.99998e-01 9.99999e-01 9.83917e-01 9.18670e-01 9.99999e-01 9.99999e-01 9.99520e-01 3.55697e-01
2.030641969e+00 3.02141e-01 9.96003e-01 9.99999e-01 9.90166e-01 9.52866e-01 9.99999e-01 9.99999e-01 9.99529e-01 3.19072e-01
2.040795179e+00 2.72065e-01 9.99223e-01 9.99999e-01 9.95108e-01 9.64042e-01 9.99999e-01 9.99999e-01 9.99539e-01 2.83223e-01
2.050999155e+00 2.39753e-01 9.99999e-01 9.99999e-01 9.96792e-01 9.78715e-01 9.99999e-01 9.99999e-01 9.99548e-01 2.45662e-01
2.061254151e+00 1.98032e-01 9.99999e-01 9.99999e-01 9.97857e-01 9.63671e-01 9.99999e-01 9.99999e-01 9.99557e-01 2.05913e-01
2.071560421e+00 1.60909e-01 9.99999e-01 9.99999e-01 9.96973e-01 9.73745e-01 9.99999e-01 9.99999e-01 9.99565e-01 1.65735e-01
2.081918224e+00 1.25318e-01 9.99999e-01 9.99999e-01 9.95106e-01 9.73912e-01 9.99999e-01 9.99999e-01 9.99574e-01 1.29244e-01
2.092327815e+00 9.77812e-02 9.99999e-01 9.99999e-01 9.93532e-01 9.80929e-01 9.99999e-01 9.99999e-01 9.99582e-01 1.00274e-01
2.102789454e+00 7.91075e-02 9.99999e-01 9.99999e-01 9.86119e-01 9.71352e-01 9.99999e-01 9.99999e-01 9.99591e-01 8.24065e-02
2.113303401e+00 7.16293e-02 9.99922e-01 9.99999e-01 9.52025e-01 9.77560e-01 9.99999e-01 9.99999e-01 9.99599e-01 7.64678e-02
2.123869918e+00 6.93448e-02 9.85202e-01 9.99999e-01 8.47801e-01 9.64957e-01 9.99999e-01 9.99999e-01 9.99607e-01 8.28907e-02
2.134489268e+00 7.70397e-02 9.99985e-01 9.99999e-01 7.76463e-01 9.92487e-01 9.99999e-01 9.99999e-01 9.99614e-01 9.93495e-02
2.145161714e+00 6.89539e-02 9.99999e-01 9.99999e-01 5.68617e-01 9.93039e-01 9.99999e-01 9.99999e-01 9.99622e-01 1.21355e-01
2.155887523e+00 5.12958e-02 9.99999e-01 9.99999e-01 3.65500e-01 9.72681e-01 9.99999e-01 9.99999e-01 9.99629e-01 1.40608e-01
2.166666960e+00 3.09331e-02 9.99999e-01 9.99999e-01 2.05431e-01 9.67979e-01 9.99999e-01 9.99999e-01 9.99637e-01 1.50772e-01
2.177500295e+00 4.66718e-02 9.99999e-01 9.99999e-01 3.11394e-01 9.67423e-01 9.99999e-01 9.99999e-01 9.99644e-01 1.50108e-01
2.188387796e+00 5.98817e-02 9.99999e-01 9.99999e-01 4.25960e-01 9.65606e-01 9.99999e-01 9.99999e-01 9.99651e-01 1.40909e-01
2.199329735e+00 4.66749e-03 9.99999e-01 9.99999e-01 3.66950e-02 9.59754e-01 9.99999e-01 9.99999e-01 9.99658e-01 1.27306e-01
2.210326384e+00 1.07299e-02 9.99989e-01 9.99999e-01 9.34843e-02 9.87151e-01 9.99999e-01 9.99999e-01 9.99664e-01 1.14848e-01
2.221378016e+00 4.22403e-03 9.83907e-01 9.99999e-01 3.98343e-02 9.88537e-01 9.99999e-01 9.99999e-01 9.99671e-01 1.06093e-01
2.232484906e+00 1.17450e-03 9.99930e-01 9.99999e-01 1.16431e-02 9.95844e-01 9.99999e-01 9.99999e-01 9.99678e-01 1.00910e-01
2.243647331e+00 4.30981e-04 9.99999e-01 9.99999e-01 4.46406e-03 9.97395e-01 9.99999e-01 9.99999e-01 9.99684e-01 9.65763e-02
2.254865567e+00 4.19252e-05 9.99999e-01 9.99999e-01 4.61445e-04 9.98556e-01 9.99999e-01 9.99999e-01 9.99690e-01 9.08856e-02
2.266139895e+00 6.90239e-05 9.99999e-01 9.99999e-01 8.34428e-04 9.96752e-01 9.99999e-01 9.99999e-01 9.99696e-01 8.27477e-02
2.277470595e+00 5.20985e-05 9.99999e-01 9.99999e-01 7.17140e-04 9.98884e-01 9.99999e-01 9.99999e-01 9.99702e-01 7.26711e-02
2.288857948e+00 4.27689e-06 9.99998e-01 9.99999e-01 6.90267e-05 9.92453e-01 9.99999e-01 9.99999e-01 9.99708e-01 6.19803e-02
2.300302237e+00 1.63781e-07 9.99999e-01 9.99999e-01 3.17652e-06 9.93750e-01 9.99999e-01 9.99999e-01 9.99714e-01 5.15813e-02
2.311803748e+00 4.52241e-04 9.99999e-01 9.99999e-01 1.07519e-02 9.92286e-01 9.99999e-01 9.99999e-01 9.99719e-01 4.20823e-02
2.323362767e+00 8.71662e-05 9.99999e-01 9.99999e-01 2.56727e-03 9.74671e-01 9.99999e-01 9.99999e-01 9.99725e-01 3.39728e-02
2.334979581e+00 8.93594e-06 9.99999e-01 9.99999e-01 3.27930e-04 9.71854e-01 9.99999e-01 9.99999e-01 9.99730e-01 2.72682e-02
2.346654479e+00 5.65577e-08 9.99999e-01 9.99999e-01 2.58714e-06 9.46431e-01 9.99999e-01 9.99999e-01 9.99736e-01 2.18936e-02
2.358387751e+00 3.33272e-06 9.99999e-01 9.99999e-01 1.87758e-04 9.32456e-01 9.99999e-01 9.99999e-01 9.99741e-01 1.77897e-02
2.370179690e+00 2.55287e-06 9.99998e-01 9.99999e-01 1.71569e-04 8.96032e-01 9.99999e-01 9.99999e-01 9.99746e-01 1.49136e-02
2.382030589e+00 1.58308e-06 9.99994e-01 9.99999e-01 1.19577e-04 8.27986e-01 9.99999e-01 9.99999e-01 9.99751e-01 1.33320e-02
2.393940742e+00 6.83721e-06 9.99966e-01 9.99999e-01 5.14362e-04 8.58749e-01 9.99999e-01 9.99999e-01 9.99756e-01 1.34180e-02
2.405910445e+00 2.34998e-04 9.73260e-01 9.99999e-01 1.48802e-02 8.00606e-01 9.99999e-01 9.99999e-01 9.99761e-01 1.59758e-02
2.417939997e+00 4.23793e-04 9.97854e-01 9.99999e-01 1.92924e-02 6.95908e-01 9.99999e-01 9.99999e-01 9.99765e-01 2.25423e-02
2.430029697e+00 7.24362e-04 9.97575e-01 9.99999e-01 2.07962e-02 8.03353e-01 9.99999e-01 9.99999e-01 9.99770e-01 3.54068e-02
2.442179846e+00 2.30361e-03 9.99965e-01 9.99999e-01 4.12765e-02 6.96886e-01 9.99999e-01 9.99999e-01 9.99774e-01 5.73428e-02
2.454390745e+00 6.74118e-03 9.99954e-01 9.99999e-01 7.81701e-02 7.04959e-01 9.99999e-01 9.99999e-01 9.99779e-01 9.01224e-02
2.466662699e+00 2.22095e-02 9.99974e-01 9.99999e-01 1.78361e-01 6.83482e-01 9.99999e-01 9.99999e-01 9.99783e-01 1.34807e-01
2.478996012e+00 3.88925e-02 9.99999e-01 9.99999e-01 2.62201e-01 4.84898e-01 9.99999e-01 9.99999e-01 9.99788e-01 1.89789e-01
2.491390992e+00 4.48095e-02 9.99880e-01 9.99999e-01 3.32037e-01 3.00484e-01 9.99999e-01 9.99999e-01 9.99792e-01 2.52215e-01
2.503847947e+00 7.53876e-02 9.99999e-01 9.99999e-01 4.16852e-01 3.61935e-01 9.99999e-01 9.99999e-01 9.99796e-01 3.18827e-01
2.516367187e+00 5.94732e-02 9.99999e-01 9.99999e-01 3.94509e-01 2.22241e-01 9.99999e-01 9.99999e-01 9.99800e-01 3.85968e-01
2.528949023e+00 1.71438e-02 9.99779e-01 9.99999e-01 4.24425e-01 4.61176e-02 9.99999e-01 9.99999e-01 9.99804e-01 4.51034e-01
2.541593768e+00 9.22341e-03 9.99917e-01 9.99999e-01 4.49656e-01 2.06315e-02 9.99999e-01 9.99999e-01 9.99808e-01 5.10081e-01
2.554301737e+00 3.89021e-03 9.99999e-01 9.99999e-01 1.58733e-01 1.21046e-02 9.99999e-01 9.99999e-01 9.99811e-01 5.60560e-01
2.567073246e+00 3.07194e-04 9.99976e-01 9.99999e-01 1.10755e-01 8.50040e-04 9.99999e-01 9.99999e-01 9.99815e-01 6.01688e-01
2.579908612e+00 4.93840e-08 9.98285e-01 9.99999e-01 2.19176e-01 1.03689e-07 9.99999e-01 9.99999e-01 9.99819e-01 6.33759e-01
2.592808155e+00 2.53972e-10 9.99998e-01 9.99999e-01 9.68974e-02 5.27215e-10 9.99999e-01 9.99999e-01 9.99822e-01 6.57710e-01
2.605772196e+00 2.29918e-10 9.99999e-01 9.99999e-01 1.94958e-01 5.35969e-10 9.99999e-01 9.99999e-01 9.99826e-01 6.75001e-01
2.618801057e+00 4.63852e-10 9.99828e-01 9.99999e-01 3.96415e-01 7.57879e-10 9.99999e-01 9.99999e-01 9.99829e-01 6.92605e-01
2.631895062e+00 1.65657e-04 9.94271e-01 9.99999e-01 5.06342e-01 2.42175e-04 9.99999e-01 9.99999e-01 9.99833e-01 7.13630e-01
2.645054537e+00 2.39936e-04 9.99997e-01 9.99999e-01 7.29394e-01 3.33175e-04 9.99999e-01 9.99999e-01 9.99836e-01 7.34321e-01
2.658279810e+00 3.15110e-11 9.99999e-01 9.99999e-01 8.00383e-01 4.18946e-11 9.99999e-01 9.99999e-01 9.99839e-01 7.57040e-01
2.671571209e+00 1.75860e-11 9.99999e-01 9.99999e-01 8.68290e-01 2.26299e-11 9.99999e-01 9.99999e-01 9.99842e-01 7.80011e-01
2.684929065e+00 1.31209e-08 9.99289e-01 9.99999e-01 8.75994e-01 1.64237e-08 9.99999e-01 9.99999e-01 9.99845e-01 8.01965e-01
2.698353710e+00 1.51921e-06 9.99678e-01 9.99999e-01 9.23811e-01 1.85567e-06 9.99999e-01 9.99999e-01 9.99848e-01 8.21020e-01
2.711845479e+00 1.03118e-07 9.99999e-01 9.99999e-01 9.38337e-01 1.23400e-07 9.99999e-01 9.99999e-01 9.99851e-01 8.36774e-01
2.725404706e+00 1.94715e-05 9.99999e-01 9.99999e-01 9.56055e-01 2.29249e-05 9.99999e-01 9.99999e-01 9.99854e-01 8.51102e-01
2.739031730e+00 2.84707e-06 9.99999e-01 9.99999e-01 9.62325e-01 3.32108e-06 9.99999e-01 9.99999e-01 9.99857e-01 8.57922e-01
2.752726889e+00 3.33443e-06 9.99982e-01 9.99999e-01 9.68453e-01 3.85157e-06 9.99999e-01 9.99999e-01 9.99860e-01 8.66285e-01
2.766490523e+00 1.19376e-05 9.99995e-01 9.99999e-01 9.72907e-01 1.36850e-05 9.99999e-01 9.99999e-01 9.99863e-01 8.72797e-01
2.780322976e+00 2.80159e-04 9.99998e-01 9.99999e-01 9.89071e-01 3.18767e-04 9.99999e-01 9.99999e-01 9.99865e-01 8.79374e-01
2.794224591e+00 9.49508e-04 9.98313e-01 9.99999e-01 9.76098e-01 1.07174e-03 9.99999e-01 9.99999e-01 9.99868e-01 8.87190e-01
2.808195713e+00 6.40359e-03 9.98960e-01 9.99999e-01 9.69831e-01 7.15695e-03 9.99999e-01 9.99999e-01 9.99871e-01 8.96231e-01
2.822236692e+00 3.03420e-02 9.99043e-01 9.99999e-01 9.71158e-01 3.34472e-02 9.99999e-01 9.99999e-01 9.99873e-01 9.08115e-01
2.836347875e+00 2.55196e-02 9.99999e-01 9.99999e-01 9.83239e-01 2.76967e-02 9.99999e-01 9.99999e-01 9.99876e-01 9.21934e-01
2.850529615e+00 5.51558e-02 9.99999e-01 9.99999e-01 9.82219e-01 5.90003e-02 9.99999e-01 9.99999e-01 9.99878e-01 9.35221e-01
2.864782263e+00 9.74871e-02 9.99999e-01 9.99999e-01 9.70941e-01 1.03170e-01 9.99999e-01 9.99999e-01 9.99880e-01 9.46879e-01
2.879106174e+00 2.02870e-01 9.99999e-01 9.99999e-01 9.91622e-01 2.12266e-01 9.99999e-01 9.99999e-01 9.99883e-01 9.56797e-01
2.893501705e+00 3.39751e-01 9.99450e-01 9.99999e-01 9.79932e-01 3.52659e-01 9.99999e-01 9.99999e-01 9.99885e-01 9.65084e-01
2.907969214e+00 2.49782e-01 9.99998e-01 9.99999e-01 9.85905e-01 2.57371e-01 9.99999e-01 9.99999e-01 9.99887e-01 9.71692e-01
2.922509060e+00 3.54158e-01 9.99999e-01 9.99999e-01 9.88436e-01 3.63241e-01 9.99999e-01 9.99999e-01 9.99890e-01 9.76934e-01
2.937121605e+00 4.26517e-01 9.99999e-01 9.99999e-01 9.85363e-01 4.36177e-01 9.99999e-01 9.99999e-01 9.99892e-01 9.81215e-01
2.951807213e+00 3.70107e-01 9.99999e-01 9.99999e-01 9.85274e-01 3.76884e-01 9.99999e-01 9.99999e-01 9.99894e-01 9.84610e-01
2.966566249e+00 3.53819e-01 9.99997e-01 9.99999e-01 9.85168e-01 3.59201e-01 9.99999e-01 9.99999e-01 9.99896e-01 9.87266e-01
2.981399080e+00 4.53282e-01 9.99909e-01 9.99999e-01 9.88343e-01 4.59267e-01 9.99999e-01 9.99999e-01 9.99898e-01 9.89410e-01
2.996306076e+00 4.97138e-01 9.99924e-01 9.99999e-01 9.78481e-01 5.04641e-01 9.99999e-01 9.99999e-01 9.99900e-01 9.91139e-01
3.011287606e+00 4.77762e-01 9.99944e-01 9.99999e-01 9.79957e-01 4.83486e-01 9.99999e-01 9.99999e-01 9.99902e-01 9.92537e-01
3.026344044e+00 4.96868e-01 9.99999e-01 9.99999e-01 9.70662e-01 5.03109e-01 9.99999e-01 9.99999e-01 9.99904e-01 9.93688e-01
3.041475764e+00 3.48324e-01 9.99999e-01 9.99999e-01 9.56829e-01 3.52800e-01 9.99999e-01 9.99999e-01 9.99906e-01 9.94647e-01
3.056683143e+00 3.47978e-01 9.99999e-01 9.99999e-01 9.17915e-01 3.55428e-01 9.99999e-01 9.99999e-01 9.99908e-01 9.95433e-01
3.071966559e+00 4.00028e-01 9.99980e-01 9.99999e-01 8.80535e-01 4.10313e-01 9.99999e-01 9.99999e-01 9.99909e-01 9.96053e-01
3.087326392e+00 3.06623e-01 9.99999e-01 9.99999e-01 8.30620e-01 3.13380e-01 9.99999e-01 9.99999e-01 9.99911e-01 9.96558e-01
3.102763024e+00 2.89381e-01 9.99999e-01 9.99999e-01 6.84795e-01 3.08384e-01 9.99999e-01 9.99999e-01 9.99913e-01 9.96965e-01
3.118276839e+00 3.98759e-01 9.99999e-01 9.99999e-01 5.45589e-01 5.17527e-01 9.99999e-01 9.99999e-01 9.99915e-01 9.97308e-01
3.133868223e+00 2.79281e-01 9.99998e-01 9.99999e-01 3.27029e-01 5.91139e-01 9.99999e-01 9.99999e-01 9.99916e-01 9.97601e-01
3.149537564e+00 1.39094e-01 9.99999e-01 9.99999e-01 1.60435e-01 5.75246e-01 9.99999e-01 9.99999e-01 9.99918e-01 9.97805e-01
3.165285252e+00 7.10806e-02 9.99997e-01 9.99999e-01 7.23159e-02 8.19544e-01 9.99999e-01 9.99999e-01 9.99919e-01 9.97969e-01
3.181111678e+00 1.39523e-03 9.99999e-01 9.99999e-01 1.41829e-03 7.68596e-01 9.99999e-01 9.99999e-01 9.99921e-01 9.98104e-01
3.197017237e+00 1.71187e-06 9.99999e-01 9.99999e-01 1.85949e-06 3.76099e-01 9.99999e-01 9.99999e-01 9.99923e-01 9.98219e-01
3.213002323e+00 3.00612e-10 9.99999e-01 9.99999e-01 4.07983e-10 1.94872e-01 9.99999e-01 9.99999e-01 9.99924e-01 9.98319e-01
3.229067334e+00 6.47618e-15 9.99972e-01 9.99999e-01 7.17302e-15 3.17225e-01 9.99999e-01 9.99999e-01 9.99926e-01 9.98438e-01
3.245212671e+00 2.94446e-17 9.99999e-01 9.99999e-01 3.20253e-17 3.88890e-01 9.99999e-01 9.99999e-01 9.99927e-01 9.98533e-01
3.261438734e+00 4.81561e-16 9.99999e-01 9.99999e-01 5.23711e-16 4.60488e-01 9.99999e-01 9.99999e-01 9.99928e-01 9.98647e-01
3.277745928e+00 2.29732e-08 9.99999e-01 9.99999e-01 2.40595e-08 5.74478e-01 9.99999e-01 9.99999e-01 9.99930e-01 9.98737e-01
3.294134658e+00 4.23196e-08 9.99999e-01 9.99999e-01 4.44390e-08 5.37093e-01 9.99999e-01 9.99999e-01 9.99931e-01 9.98832e-01
3.310605331e+00 2.73819e-08 9.99999e-01 9.99999e-01 2.92908e-08 6.25264e-01 9.99999e-01 9.99999e-01 9.99933e-01 9.98897e-01
3.327158358e+00 1.54251e-20 9.99999e-01 9.99999e-01 1.59022e-20 5.96235e-01 9.99999e-01 9.99999e-01 9.99934e-01 9.98955e-01
3.343794149e+00 7.23893e-09 9.99999e-01 9.99999e-01 7.47376e-09 6.06601e-01 9.99999e-01 9.99999e-01 9.99935e-01 9.98988e-01
3.360513120e+00 1.32070e-09 9.99999e-01 9.99999e-01 1.37618e-09 6.69802e-01 9.99999e-01 9.99999e-01 9.99936e-01 9.99009e-01
3.377315686e+00 2.51505e-10 9.99999e-01 9.99999e-01 2.53127e-10 7.81793e-01 9.99999e-01 9.99999e-01 9.99938e-01 9.99014e-01
3.394202264e+00 1.61748e-10 9.99999e-01 9.99999e-01 1.62644e-10 9.13631e-01 9.99999e-01 9.99999e-01 9.99939e-01 9.99006e-01
3.411173276e+00 2.78820e-09 9.99999e-01 9.99999e-01 2.79683e-09 8.45962e-01 9.99999e-01 9.99999e-01 9.99940e-01 9.98988e-01
3.428229142e+00 4.62263e-06 9.99999e-01 9.99999e-01 4.63287e-06 9.66622e-01 9.99999e-01 9.99999e-01 9.99941e-01 9.98962e-01
3.445370288e+00 1.09199e-05 9.99999e-01 9.99999e-01 1.09458e-05 9.41374e-01 9.99999e-01 9.99999e-01 9.99942e-01 9.98932e-01
3.462597139e+00 8.97300e-04 9.99999e-01 9.99999e-01 9.00024e-04 9.57174e-01 9.99999e-01 9.99999e-01 9.99943e-01 9.98897e-01
3.479910125e+00 2.10693e-04 9.99999e-01 9.99999e-01 2.11375e-04 9.50303e-01 9.99999e-01 9.99999e-01 9.99945e-01 9.98862e-01
3.497309675e+00 1.43690e-03 9.99999e-01 9.99999e-01 1.44172e-03 9.54874e-01 9.99999e-01 9.99999e-01 9.99946e-01 9.98824e-01
3.514796224e+00 2.83487e-03 9.99999e-01 9.99999e-01 2.84729e-03 9.21492e-01 9.99999e-01 9.99999e-01 9.99947e-01 9.98785e-01
3.532370205e+00 1.83457e-03 9.99999e-01 9.99999e-01 1.84274e-03 9.11475e-01 9.99999e-01 9.99999e-01 9.99948e-01 9.98744e-01
3.550032056e+00 2.44007e-03 9.99999e-01 9.99999e-01 2.45150e-03 8.73990e-01 9.99999e-01 9.99999e-01 9.99949e-01 9.98700e-01
3.567782216e+00 4.53690e-03 9.99999e-01 9.99999e-01 4.56260e-03 8.82608e-01 9.99999e-01 9.99999e-01 9.99950e-01 9.98655e-01
3.585621127e+00 1.24547e-03 9.99999e-01 9.99999e-01 1.25191e-03 8.89203e-01 9.99999e-01 9.99999e-01 9.99951e-01 9.98604e-01
3.603549233e+00 1.69841e-03 9.99999e-01 9.99999e-01 1.70654e-03 9.15023e-01 9.99999e-01 9.99999e-01 9.99952e-01 9.98552e-01
3.621566979e+00 1.24387e-02 9.99999e-01 9.99999e-01 1.24862e-02 9.20303e-01 9.99999e-01 9.99999e-01 9.99953e-01 9.98498e-01
3.639674814e+00 1.89270e-02 9.99999e-01 9.99999e-01 1.89984e-02 9.59376e-01 9.99999e-01 9.99999e-01 9.99953e-01 9.98443e-01
3.657873188e+00 4.47236e-02 9.99999e-01 9.99999e-01 4.49518e-02 9.30509e-01 9.99999e-01 9.99999e-01 9.99954e-01 9.98386e-01
3.676162554e+00 7.07995e-02 9.99999e-01 9.99999e-01 7.26121e-02 7.53360e-01 9.99999e-01 9.99999e-01 9.99955e-01 9.98326e-01
3.694543367e+00 5.88747e-02 9.99999e-01 9.99999e-01 5.92098e-02 9.44244e-01 9.99999e-01 9.99999e-01 9.99956e-01 9.98264e-01
3.713016084e+00 7.84760e-02 9.99999e-01 9.99999e-01 7.89534e-02 9.28240e-01 9.99999e-01 9.99999e-01 9.99957e-01 9.98200e-01
3.731581164e+00 4.24936e-02 9.99999e-01 9.99999e-01 4.27042e-02 9.10873e-01 9.99999e-01 9.99999e-01 9.99958e-01 9.98134e-01
3.750239070e+00 9.97399e-02 9.99999e-01 9.99999e-01 1.00300e-01 9.26562e-01 9.99999e-01 9.99999e-01 9.99959e-01 9.98065e-01
3.768990265e+00 7.98250e-02 9.99999e-01 9.99999e-01 8.05455e-02 9.12883e-01 9.99999e-01 9.99999e-01 9.99959e-01 9.97996e-01
3.787835216e+00 3.43224e-02 9.99999e-01 9.99999e-01 3.45339e-02 9.06927e-01 9.99999e-01 9.99999e-01 9.99960e-01 9.97923e-01
3.806774393e+00 1.64087e-01 9.99999e-01 9.99999e-01 1.65134e-01 9.19337e-01 9.99999e-01 9.99999e-01 9.99961e-01 9.97848e-01
3.825808265e+00 3.21849e-01 9.99999e-01 9.99999e-01 3.23373e-01 9.51516e-01 9.99999e-01 9.99999e-01 9.99962e-01 9.97771e-01
3.844937306e+00 5.37197e-02 9.99999e-01 9.99999e-01 5.39113e-02 9.61801e-01 9.99999e-01 9.99999e-01 9.99962e-01 9.97691e-01
3.864161992e+00 1.34124e-01 9.99999e-01 9.99999e-01 1.34642e-01 9.69996e-01 9.99999e-01 9.99999e-01 9.99963e-01 9.97608e-01
3.883482802e+00 1.72585e-01 9.99999e-01 9.99999e-01 1.73210e-01 9.82179e-01 9.99999e-01 9.99999e-01 9.99964e-01 9.97525e-01
3.902900216e+00 1.79884e-01 9.99999e-01 9.99999e-01 1.80424e-01 9.84302e-01 9.99999e-01 9.99999e-01 9.99965e-01 9.97440e-01
3.922414717e+00 2.32051e-01 9.99999e-01 9.99999e-01 2.32790e-01 9.90660e-01 9.99999e-01 9.99999e-01 9.99965e-01 9.97354e-01
3.942026791e+00 3.06226e-01 9.99999e-01 9.99999e-01 3.07179e-01 9.95802e-01 9.99999e-01 9.99999e-01 9.99966e-01 9.97266e-01
3.961736925e+00 3.78699e-01 9.99999e-01 9.99999e-01 3.79859e-01 9.98003e-01 9.99999e-01 9.99999e-01 9.99967e-01 9.97176e-01
3.981545610e+00 3.44838e-01 9.99999e-01 9.99999e-01 3.45901e-01 9.98449e-01 9.99999e-01 9.99999e-01 9.99967e-01 9.97085e-01
4.001453338e+00 3.82895e-01 9.99999e-01 9.99999e-01 3.84116e-01 9.98707e-01 9.99999e-01 9.99999e-01 9.99968e-01 9.96991e-01
4.021460604e+00 5.79224e-01 9.99999e-01 9.99999e-01 5.81130e-01 9.99119e-01 9.99999e-01 9.99999e-01 9.99968e-01 9.96894e-01
4.041567907e+00 3.86116e-01 9.99999e-01 9.99999e-01 3.87396e-01 9.99316e-01 9.99999e-01 9.99999e-01 9.99969e-01 9.96797e-01
4.061775747e+00 5.65385e-01 9.99999e-01 9.99999e-01 5.67356e-01 9.99293e-01 9.99999e-01 9.99999e-01 9.99970e-01 9.96696e-01
4.082084626e+00 6.21386e-01 9.99999e-01 9.99999e-01 6.23570e-01 9.99628e-01 9.99999e-01 9.99999e-01 9.99970e-01 9.96593e-01
4.102495049e+00 6.76597e-01 9.99999e-01 9.99999e-01 6.79082e-01 9.99226e-01 9.99999e-01 9.99999e-01 9.99971e-01 9.96482e-01
4.123007524e+00 6.66115e-01 9.99999e-01 9.99999e-01 6.68623e-01 9.99237e-01 9.99999e-01 9.99999e-01 9.99971e-01 9.96368e-01
4.143622562e+00 6.79620e-01 9.99999e-01 9.99999e-01 6.82236e-01 9.99646e-01 9.99999e-01 9.99999e-01 9.99972e-01 9.96250e-01
4.164340674e+00 8.18201e-01 9.99999e-01 9.99999e-01 8.21575e-01 9.99373e-01 9.99999e-01 9.99999e-01 9.99972e-01 9.96124e-01
4.185162378e+00 7.00705e-01 9.99999e-01 9.99999e-01 7.03626e-01 9.99440e-01 9.99999e-01 9.99999e-01 9.99973e-01 9.95993e-01
4.206088190e+00 8.79537e-01 9.99999e-01 9.99999e-01 8.83529e-01 9.99076e-01 9.99999e-01 9.99999e-01 9.99973e-01 9.95855e-01
4.227118631e+00 6.80515e-01 9.99999e-01 9.99999e-01 6.83607e-01 9.99087e-01 9.99999e-01 9.99999e-01 9.99974e-01 9.95712e-01
4.248254224e+00 9.12265e-01 9.99999e-01 9.99999e-01 9.17444e-01 9.97800e-01 9.99999e-01 9.99999e-01 9.99974e-01 9.95561e-01
4.269495495e+00 7.63981e-01 9.99999e-01 9.99999e-01 7.67885e-01 9.97218e-01 9.99999e-01 9.99999e-01 9.99975e-01 9.95401e-01
4.290842972e+00 9.10157e-01 9.99999e-01 9.99999e-01 9.16645e-01 9.95314e-01 9.99999e-01 9.99999e-01 9.99975e-01 9.95232e-01
4.312297187e+00 8.05940e-01 9.99999e-01 9.99999e-01 8.11792e-01 9.92478e-01 9.99999e-01 9.99999e-01 9.99976e-01 9.95056e-01
4.333858673e+00 8.93420e-01 9.99999e-01 9.99999e-01 9.01859e-01 9.90865e-01 9.99999e-01 9.99999e-01 9.99976e-01 9.94872e-01
4.355527967e+00 8.52189e-01 9.99999e-01 9.99999e-01 8.63742e-01 9.79764e-01 9.99999e-01 9.99999e-01 9.99977e-01 9.94678e-01
4.377305606e+00 8.72086e-01 9.99999e-01 9.99999e-01 8.81504e-01 9.87537e-01 9.99999e-01 9.99999e-01 9.99977e-01 9.94476e-01
4.399192134e+00 8.05190e-01 9.99999e-01 9.99999e-01 8.21309e-01 9.63272e-01 9.99999e-01 9.99999e-01 9.99978e-01 9.94262e-01
4.421188095e+00 8.16776e-01 9.99999e-01 9.99999e-01 8.29728e-01 9.64962e-01 9.99999e-01 9.99999e-01 9.99978e-01 9.94037e-01
4.443294036e+00 8.27670e-01 9.99999e-01 9.99999e-01 8.46596e-01 9.53710e-01 9.99999e-01 9.99999e-01 9.99979e-01 9.93800e-01
4.465510506e+00 8.67985e-01 9.99999e-01 9.99999e-01 8.87380e-01 9.64657e-01 9.99999e-01 9.99999e-01 9.99979e-01 9.93554e-01
4.487838058e+00 9.03239e-01 9.99999e-01 9.99999e-01 9.21251e-01 9.71614e-01 9.99999e-01 9.99999e-01 9.99979e-01 9.93296e-01
4.510277249e+00 9.26439e-01 9.99999e-01 9.99999e-01 9.60874e-01 9.58653e-01 9.99999e-01 9.99999e-01 9.99980e-01 9.93023e-01
4.532828635e+00 8.90589e-01 9.99999e-01 9.99999e-01 9.36823e-01 9.25774e-01 9.99999e-01 9.99999e-01 9.99980e-01 9.92739e-01
4.555492778e+00 7.79281e-01 9.99999e-01 9.99999e-01 7.91329e-01 9.67807e-01 9.99999e-01 9.99999e-01 9.99980e-01 9.92440e-01
4.578270242e+00 9.26046e-01 9.99999e-01 9.99999e-01 9.74008e-01 9.44117e-01 9.99999e-01 9.99999e-01 9.99981e-01 9.92129e-01
4.601161593e+00 9.26135e-01 9.99999e-01 9.99999e-01 9.63036e-01 9.49896e-01 9.99999e-01 9.99999e-01 9.99981e-01 9.91802e-01
4.624167401e+00 8.60799e-01 9.99999e-01 9.99999e-01 9.26226e-01 8.92831e-01 9.99999e-01 9.99999e-01 9.99982e-01 9.91460e-01
4.647288238e+00 8.72202e-01 9.99999e-01 9.99999e-01 9.55653e-01 8.91550e-01 9.99999e-01 9.99999e-01 9.99982e-01 9.91102e-01
4.670524679e+00 8.01665e-01 9.99999e-01 9.99999e-01 9.41631e-01 8.18006e-01 9.99999e-01 9.99999e-01 9.99982e-01 9.90725e-01
4.693877303e+00 8.92554e-01 9.99999e-01 9.99999e-01 9.24167e-01 9.50844e-01 9.99999e-01 9.99999e-01 9.99983e-01 9.90333e-01
4.717346689e+00 8.30427e-01 9.99999e-01 9.99999e-01 9.43325e-01 8.55577e-01 9.99999e-01 9.99999e-01 9.99983e-01 9.89926e-01
4.740933423e+00 8.49970e-01 9.99999e-01 9.99999e-01 9.71045e-01 8.65141e-01 9.99999e-01 9.99999e-01 9.99983e-01 9.89497e-01
4.764638090e+00 8.47525e-01 9.99999e-01 9.99999e-01 9.75675e-01 8.63719e-01 9.99999e-01 9.99999e-01 9.99984e-01 9.89054e-01
4.788461280e+00 7.66996e-01 9.99999e-01 9.99999e-01 9.82343e-01 7.79166e-01 9.99999e-01 9.99999e-01 9.99984e-01 9.88600e-01
4.812403587e+00 8.15071e-01 9.99999e-01 9.99999e-01 9.92747e-01 8.26537e-01 9.99999e-01 9.99999e-01 9.99984e-01 9.88099e-01
4.836465604e+00 6.20476e-01 9.99999e-01 9.99999e-01 9.95358e-01 6.28515e-01 9.99999e-01 9.99999e-01 9.99984e-01 9.87591e-01
4.860647933e+00 8.71172e-01 9.99999e-01 9.99999e-01 9.97599e-01 8.83419e-01 9.99999e-01 9.99999e-01 9.99985e-01 9.87068e-01
4.884951172e+00 6.95733e-01 9.99999e-01 9.99999e-01 9.99092e-01 7.05354e-01 9.99999e-01 9.99999e-01 9.99985e-01 9.86519e-01
4.909375928e+00 7.34256e-01 9.99999e-01 9.99999e-01 9.99629e-01 7.44772e-01 9.99999e-01 9.99999e-01 9.99985e-01 9.85959e-01
4.933922808e+00 6.66557e-01 9.99999e-01 9.99999e-01 9.99816e-01 6.76497e-01 9.99999e-01 9.99999e-01 9.99986e-01 9.85344e-01
4.958592422e+00 4.30927e-01 9.99999e-01 9.99999e-01 9.99908e-01 4.37624e-01 9.99999e-01 9.99999e-01 9.99986e-01 9.84715e-01
4.983385384e+00 7.22809e-01 9.99999e-01 9.99999e-01 9.99950e-01 7.34532e-01 9.99999e-01 9.99999e-01 9.99986e-01 9.84062e-01
5.008302311e+00 5.32570e-01 9.99999e-01 9.99999e-01 9.99974e-01 5.41604e-01 9.99999e-01 9.99999e-01 9.99986e-01 9.83336e-01
5.033343822e+00 5.28696e-01 9.99999e-01 9.99999e-01 9.99966e-01 5.38113e-01 9.99999e-01 9.99999e-01 9.99987e-01 9.82518e-01
5.058510541e+00 7.49305e-01 9.99999e-01 9.99999e-01 9.99885e-01 7.63387e-01 9.99999e-01 9.99999e-01 9.99987e-01 9.81600e-01
5.083803094e+00 3.97415e-01 9.99999e-01 9.99999e-01 9.99130e-01 4.05279e-01 9.99999e-01 9.99999e-01 9.99987e-01 9.80633e-01
5.109222110e+00 3.93094e-01 9.99999e-01 9.99999e-01 9.99467e-01 4.01295e-01 9.99999e-01 9.99999e-01 9.99987e-01 9.79622e-01
5.134768220e+00 1.98730e-01 9.99999e-01 9.99999e-01 9.98200e-01 2.03101e-01 9.99999e-01 9.99999e-01 9.99988e-01 9.78517e-01
5.160442061e+00 3.87267e-01 9.99999e-01 9.99999e-01 9.99768e-01 3.96249e-01 9.99999e-01 9.99999e-01 9.99988e-01 9.77367e-01
5.186244272e+00 3.98913e-01 9.99999e-01 9.99999e-01 9.98317e-01 4.08788e-01 9.99999e-01 9.99999e-01 9.99988e-01 9.76032e-01
5.212175493e+00 3.88567e-02 9.99999e-01 9.99999e-01 9.99347e-01 3.98686e-02 9.99999e-01 9.99999e-01 9.99988e-01 9.74651e-01
5.238236370e+00 1.17733e-01 9.99999e-01 9.99999e-01 9.97648e-01 1.20990e-01 9.99999e-01 9.99999e-01 9.99988e-01 9.73263e-01
5.264427552e+00 3.49979e-01 9.99999e-01 9.99999e-01 9.59278e-01 3.60942e-01 9.99999e-01 9.99999e-01 9.99989e-01 9.71670e-01
5.290749690e+00 6.26230e-02 9.99999e-01 9.99999e-01 9.74902e-01 6.46537e-02 9.99999e-01 9.99999e-01 9.99989e-01 9.69733e-01
5.317203438e+00 3.29706e-01 9.99999e-01 9.99999e-01 9.64500e-01 3.41475e-01 9.99999e-01 9.99999e-01 9.99989e-01 9.68155e-01
5.343789456e+00 6.78285e-02 9.99999e-01 9.99999e-01 9.41447e-01 7.03675e-02 9.99999e-01 9.99999e-01 9.99989e-01 9.65791e-01
5.370508403e+00 9.59828e-02 9.99999e-01 9.99999e-01 9.66965e-01 9.98555e-02 9.99999e-01 9.99999e-01 9.99989e-01 9.64076e-01
5.397360945e+00 1.36437e-01 9.99999e-01 9.99999e-01 9.15809e-01 1.42993e-01 9.99999e-01 9.99999e-01 9.99990e-01 9.61846e-01
5.424347750e+00 1.80280e-03 9.99999e-01 9.99999e-01 9.31429e-01 1.88708e-03 9.99999e-01 9.99999e-01 9.99990e-01 9.59681e-01
5.451469488e+00 3.49887e-03 9.99999e-01 9.99999e-01 9.00607e-01 3.68444e-03 9.99999e-01 9.99999e-01 9.99990e-01 9.57312e-01
5.478726836e+00 1.78299e-02 9.99999e-01 9.99999e-01 9.15206e-01 1.88204e-02 9.99999e-01 9.99999e-01 9.99990e-01 9.54520e-01
5.506120470e+00 8.08056e-02 9.99999e-01 9.99999e-01 8.86201e-01 8.70640e-02 9.99999e-01 9.99999e-01 9.99990e-01 9.51499e-01
5.533651072e+00 6.14191e-03 9.99999e-01 9.99999e-01 8.98165e-01 6.55834e-03 9.99999e-01 9.99999e-01 9.99990e-01 9.48139e-01
5.561319328e+00 5.81319e-04 9.99999e-01 9.99999e-01 8.91040e-01 6.19906e-04 9.99999e-01 9.99999e-01 9.99991e-01 9.44317e-01
5.589125924e+00 9.73209e-04 9.99999e-01 9.99999e-01 8.36825e-01 1.04856e-03 9.99999e-01 9.99999e-01 9.99991e-01 9.41211e-01
5.617071554e+00 2.11043e-04 9.99999e-01 9.99999e-01 8.77176e-01 2.28251e-04 9.99999e-01 9.99999e-01 9.99991e-01 9.36741e-01
5.645156912e+00 6.19382e-06 9.99999e-01 9.99999e-01 7.78399e-01 6.83873e-06 9.99999e-01 9.99999e-01 9.99991e-01 9.32623e-01
5.673382696e+00 1.19671e-05 9.99999e-01 9.99999e-01 8.27109e-01 1.33075e-05 9.99999e-01 9.99999e-01 9.99991e-01 9.27500e-01
5.701749610e+00 4.00521e-06 9.99999e-01 9.99999e-01 7.38245e-01 4.48279e-06 9.99999e-01 9.99999e-01 9.99991e-01 9.22161e-01
5.730258358e+00 2.32424e-12 9.99999e-01 9.99999e-01 7.69522e-01 2.57213e-12 9.99999e-01 9.99999e-01 9.99992e-01 9.16196e-01
5.758909650e+00 5.99454e-17 9.99999e-01 9.99999e-01 7.36874e-01 6.72258e-17 9.99999e-01 9.99999e-01 9.99992e-01 9.10373e-01
5.787704198e+00 4.82274e-05 9.99999e-01 9.99999e-01 8.32396e-01 5.50287e-05 9.99999e-01 9.99999e-01 9.99992e-01 9.04604e-01
5.816642719e+00 1.23699e-08 9.99999e-01 9.99999e-01 6.38932e-01 1.48039e-08 9.99999e-01 9.99999e-01 9.99992e-01 8.96682e-01
5.845725932e+00 8.61391e-10 9.99999e-01 9.99999e-01 5.76749e-01 1.03569e-09 9.99999e-01 9.99999e-01 9.99992e-01 8.91281e-01
5.874954562e+00 8.94390e-29 9.99999e-01 9.99999e-01 7.11898e-01 1.02958e-28 9.99999e-01 9.99999e-01 9.99992e-01 8.85928e-01
5.904329335e+00 1.29183e-13 9.99999e-01 9.99999e-01 5.38663e-01 1.50531e-13 9.99999e-01 9.99999e-01 9.99992e-01 8.79753e-01
5.933850982e+00 3.33651e-24 9.99999e-01 9.99999e-01 6.91036e-01 4.00009e-24 9.99999e-01 9.99999e-01 9.99993e-01 8.73771e-01
5.963520237e+00 2.99811e-13 9.99999e-01 9.99999e-01 4.79488e-01 3.71209e-13 9.99999e-01 9.99999e-01 9.99993e-01 8.67788e-01
5.993337838e+00 1.76054e-11 9.99999e-01 9.99999e-01 5.19532e-01 2.15071e-11 9.99999e-01 9.99999e-01 9.99993e-01 8.61667e-01
6.023304527e+00 7.63978e-11 9.99999e-01 9.99999e-01 6.64147e-01 9.47660e-11 9.99999e-01 9.99999e-01 9.99993e-01 8.57370e-01
6.053421050e+00 2.24322e-11 9.99999e-01 9.99999e-01 5.31293e-01 2.77408e-11 9.99999e-01 9.99999e-01 9.99993e-01 8.54648e-01
6.083688155e+00 2.98623e-11 9.99999e-01 9.99999e-01 3.87073e-01 4.00396e-11 9.99999e-01 9.99999e-01 9.99993e-01 8.50564e-01
6.114106596e+00 1.45106e-09 9.99997e-01 9.99999e-01 5.24968e-01 1.87302e-09 9.99999e-01 9.99999e-01 9.99993e-01 8.47184e-01
6.144677129e+00 1.65662e-09 9.99999e-01 9.99999e-01 5.84202e-01 2.22776e-09 9.99999e-01 9.99999e-01 9.99993e-01 8.44889e-01
6.175400514e+00 2.66651e-12 9.99999e-01 9.99999e-01 4.69031e-01 3.56412e-12 9.99999e-01 9.99999e-01 9.99994e-01 8.42963e-01
6.206277517e+00 2.17535e-06 9.99999e-01 9.99999e-01 3.99422e-01 3.21662e-06 9.99999e-01 9.99999e-01 9.99994e-01 8.41867e-01
6.237308904e+00 6.34978e-03 9.99999e-01 9.99999e-01 5.68856e-01 8.37429e-03 9.99999e-01 9.99999e-01 9.99994e-01 8.40421e-01
6.268495449e+00 8.75298e-03 9.99999e-01 9.99999e-01 6.93573e-01 1.12628e-02 9.99999e-01 9.99999e-01 9.99994e-01 8.39283e-01
6.299837926e+00 1.77320e-02 9.99999e-01 9.99999e-01 4.72159e-01 2.73433e-02 9.99999e-01 9.99999e-01 9.99994e-01 8.38455e-01
6.331337116e+00 6.88669e-04 9.99999e-01 9.99999e-01 6.20756e-01 8.62081e-04 9.99999e-01 9.99999e-01 9.99994e-01 8.37786e-01
6.362993801e+00 2.80545e-15 9.99999e-01 9.99999e-01 6.11425e-01 3.59002e-15 9.99999e-01 9.99999e-01 9.99994e-01 8.37369e-01
6.394808770e+00 2.18427e-15 9.99999e-01 9.99999e-01 3.32128e-01 2.95024e-15 9.99999e-01 9.99999e-01 9.99994e-01 8.37432e-01
6.426782814e+00 3.07695e-18 9.99999e-01 9.99999e-01 2.70990e-01 4.35817e-18 9.99999e-01 9.99999e-01 9.99994e-01 8.38107e-01
6.458916728e+00 1.05270e-13 9.99999e-01 9.99999e-01 8.35451e-02 2.72585e-13 9.99999e-01 9.99999e-01 9.99994e-01 8.39138e-01
6.491211312e+00 3.77241e-16 9.99999e-01 9.99999e-01 4.06518e-03 3.34358e-15 9.99999e-01 9.99999e-01 9.99995e-01 8.40134e-01
6.523667368e+00 1.16725e-13 9.99999e-01 9.99999e-01 2.91994e-01 1.73369e-13 9.99999e-01 9.99999e-01 9.99995e-01 8.40594e-01
6.556285705e+00 9.18107e-14 9.99999e-01 9.99999e-01 7.03662e-01 1.12672e-13 9.99999e-01 9.99999e-01 9.99995e-01 8.42027e-01
6.589067134e+00 7.43957e-16 9.99999e-01 9.99999e-01 7.68137e-01 9.10698e-16 9.99999e-01 9.99999e-01 9.99995e-01 8.43070e-01
6.622012469e+00 7.44960e-16 9.99999e-01 9.99999e-01 7.29869e-01 9.10325e-16 9.99999e-01 9.99999e-01 9.99995e-01 8.42057e-01
6.655122532e+00 1.15287e-17 9.99999e-01 9.99999e-01 4.99926e-01 1.43077e-17 9.99999e-01 9.99999e-01 9.99995e-01 8.43183e-01
6.688398144e+00 2.71019e-11 9.99999e-01 9.99999e-01 5.04678e-01 3.47147e-11 9.99999e-01 9.99999e-01 9.99995e-01 8.43486e-01
6.721840135e+00 4.18808e-06 9.99999e-01 9.99999e-01 5.32399e-01 5.48566e-06 9.99999e-01 9.99999e-01 9.99995e-01 8.43017e-01
6.755449336e+00 4.01685e-05 9.99999e-01 9.99999e-01 3.30649e-01 6.98368e-05 9.99999e-01 9.99999e-01 9.99995e-01 8.41871e-01
6.789226583e+00 3.88237e-09 9.99999e-01 9.99999e-01 1.61232e-01 6.47024e-09 9.99999e-01 9.99999e-01 9.99995e-01 8.41391e-01
6.823172715e+00 2.22348e-08 9.99999e-01 9.99999e-01 2.05830e-01 3.91975e-08 9.99999e-01 9.99999e-01 9.99995e-01 8.39560e-01
6.857288579e+00 4.54317e-10 9.99999e-01 9.99999e-01 1.89499e-01 9.31291e-10 9.99999e-01 9.99999e-01 9.99995e-01 8.37112e-01
6.891575022e+00 8.00081e-06 9.99946e-01 9.99999e-01 1.59234e-01 1.50933e-05 9.99999e-01 9.99999e-01 9.99995e-01 8.35441e-01
6.926032897e+00 1.91208e-03 9.99901e-01 9.99999e-01 1.97348e-01 4.78948e-03 9.99999e-01 9.99999e-01 9.99996e-01 8.32513e-01
6.960663062e+00 1.93727e-04 9.99999e-01 9.99999e-01 1.62773e-01 3.82841e-04 9.99999e-01 9.99999e-01 9.99996e-01 8.29497e-01
6.995466377e+00 1.37396e-04 9.99999e-01 9.99999e-01 2.08125e-01 2.70515e-04 9.99999e-01 9.99999e-01 9.99996e-01 8.26433e-01
7.030443709e+00 5.84340e-05 9.99999e-01 9.99999e-01 1.82947e-01 1.08667e-04 9.99999e-01 9.99999e-01 9.99996e-01 8.22178e-01
7.065595927e+00 1.36563e-03 9.99999e-01 9.99999e-01 1.49143e-01 3.23837e-03 9.99999e-01 9.99999e-01 9.99996e-01 8.18731e-01
7.100923907e+00 3.78457e-03 9.99999e-01 9.99999e-01 1.14055e-01 1.51873e-02 9.99999e-01 9.99999e-01 9.99996e-01 8.15257e-01
7.136428526e+00 3.99904e-04 9.99999e-01 9.99999e-01 1.80922e-01 8.81521e-04 9.99999e-01 9.99999e-01 9.99996e-01 8.10720e-01
7.172110669e+00 7.21464e-05 9.99999e-01 9.99999e-01 3.18535e-02 4.14223e-04 9.99999e-01 9.99999e-01 9.99996e-01 8.06365e-01
7.207971222e+00 1.01619e-03 9.99999e-01 9.99999e-01 2.03129e-02 8.93025e-03 9.99999e-01 9.99999e-01 9.99996e-01 8.01765e-01
7.244011079e+00 1.87704e-04 9.99999e-01 9.99999e-01 1.09713e-03 4.06644e-02 9.99999e-01 9.99999e-01 9.99996e-01 7.96846e-01
7.280231134e+00 1.92707e-07 9.99999e-01 9.99999e-01 3.92694e-06 6.87407e-03 9.99999e-01 9.99999e-01 9.99996e-01 7.91598e-01
7.316632290e+00 1.77083e-07 9.99999e-01 9.99999e-01 1.52365e-06 4.30694e-02 9.99999e-01 9.99999e-01 9.99996e-01 7.86105e-01
7.353215451e+00 7.08359e-22 9.99999e-01 9.99999e-01 2.76659e-21 5.03006e-02 9.99999e-01 9.99999e-01 9.99996e-01 7.80435e-01
7.389981528e+00 4.57614e-27 9.99999e-01 9.99999e-01 1.20987e-26 2.30819e-01 9.99999e-01 9.99999e-01 9.99996e-01 7.74244e-01
7.426931436e+00 5.62648e-27 9.99999e-01 9.99999e-01 1.20339e-26 2.73382e-01 9.99999e-01 9.99999e-01 9.99996e-01 7.67835e-01
7.464066093e+00 2.72564e-29 9.99999e-01 9.99999e-01 6.44110e-29 4.12359e-02 9.99999e-01 9.99999e-01 9.99996e-01 7.61134e-01
7.501386424e+00 6.21012e-25 9.99999e-01 9.99999e-01 1.12440e-24 2.69820e-01 9.99999e-01 9.99999e-01 9.99996e-01 7.54052e-01
7.538893356e+00 1.62965e-23 9.99999e-01 9.99999e-01 2.85619e-23 4.09811e-01 9.99999e-01 9.99999e-01 9.99997e-01 7.46665e-01
7.576587822e+00 3.52255e-13 9.99999e-01 9.99999e-01 9.18951e-13 7.39055e-02 9.99999e-01 9.99999e-01 9.99997e-01 7.38925e-01
7.614470762e+00 8.91518e-12 9.99999e-01 9.99999e-01 1.97025e-11 1.45302e-01 9.99999e-01 9.99999e-01 9.99997e-01 7.30986e-01
7.652543115e+00 3.24081e-21 9.99999e-01 9.99999e-01 4.80980e-21 4.41754e-01 9.99999e-01 9.99999e-01 9.99997e-01 7.22543e-01
7.690805831e+00 9.40350e-70 9.99999e-01 9.99999e-01 1.38445e-69 8.18694e-01 9.99999e-01 9.99999e-01 9.99997e-01 7.14204e-01
7.729259860e+00 2.99207e-20 9.99999e-01 9.99999e-01 4.59060e-20 6.24663e-01 9.99999e-01 9.99999e-01 9.99997e-01 7.05797e-01
7.767906159e+00 7.60661e-19 9.99999e-01 9.99999e-01 1.17676e-18 4.22322e-01 9.99999e-01 9.99999e-01 9.99997e-01 6.96515e-01
7.806745690e+00 1.44566e-16 9.99999e-01 9.99999e-01 2.22440e-16 5.98911e-01 9.99999e-01 9.99999e-01 9.99997e-01 6.86914e-01
7.845779419e+00 1.51221e-16 9.99999e-01 9.99999e-01 2.36182e-16 5.82780e-01 9.99999e-01 9.99999e-01 9.99997e-01 6.77171e-01
7.885008316e+00 6.59257e-30 9.99999e-01 9.99999e-01 1.22329e-29 2.42715e-01 9.99999e-01 9.99999e-01 9.99997e-01 6.67367e-01
7.924433357e+00 2.23190e-16 9.99999e-01 9.99999e-01 3.92655e-16 4.20756e-01 9.99999e-01 9.99999e-01 9.99997e-01 6.57213e-01
7.964055524e+00 6.16217e-16 9.99999e-01 9.99999e-01 1.00490e-15 7.48328e-01 9.99999e-01 9.99999e-01 9.99997e-01 6.46772e-01
8.003875802e+00 5.06035e-10 9.99843e-01 9.99999e-01 8.20512e-10 8.46561e-01 9.99999e-01 9.99999e-01 9.99997e-01 6.36099e-01
8.043895181e+00 1.24655e-12 9.99527e-01 9.99999e-01 2.06757e-12 6.29588e-01 9.99999e-01 9.99999e-01 9.99997e-01 6.25199e-01
8.084114657e+00 3.76801e-06 9.99999e-01 9.99999e-01 6.18615e-06 8.68390e-01 9.99999e-01 9.99999e-01 9.99997e-01 6.13978e-01
8.124535230e+00 1.37818e-04 9.99999e-01 9.99999e-01 2.30461e-04 9.65786e-01 9.99999e-01 9.99999e-01 9.99997e-01 6.02757e-01
8.165157906e+00 1.93131e-04 9.99999e-01 9.99999e-01 3.38261e-04 7.05650e-01 9.99999e-01 9.99999e-01 9.99997e-01 5.91399e-01
8.205983696e+00 7.41123e-04 9.99999e-01 9.99999e-01 1.31818e-03 7.57239e-01 9.99999e-01 9.99999e-01 9.99997e-01 5.79843e-01
8.247013614e+00 5.51151e-03 9.99999e-01 9.99999e-01 1.00869e-02 6.10986e-01 9.99999e-01 9.99999e-01 9.99997e-01 5.68340e-01
8.288248682e+00 4.25817e-02 9.99999e-01 9.99999e-01 7.73997e-02 9.21873e-01 9.99999e-01 9.99999e-01 9.99997e-01 5.56758e-01
8.329689926e+00 1.83553e-02 9.99999e-01 9.99999e-01 3.39561e-02 8.62065e-01 9.99999e-01 9.99999e-01 9.99997e-01 5.45082e-01
8.371338375e+00 5.00268e-02 9.99999e-01 9.99999e-01 9.49583e-02 9.13814e-01 9.99999e-01 9.99999e-01 9.99997e-01 5.33325e-01
8.413195067e+00 1.11738e-01 9.99999e-01 9.99999e-01 2.21443e-01 7.43159e-01 9.99999e-01 9.99999e-01 9.99997e-01 5.21446e-01
8.455261042e+00 7.71564e-02 9.99999e-01 9.99999e-01 1.52905e-01 9.61049e-01 9.99999e-01 9.99999e-01 9.99997e-01 5.09487e-01
8.497537348e+00 1.64432e-01 9.99999e-01 9.99999e-01 3.46814e-01 7.83258e-01 9.99999e-01 9.99999e-01 9.99997e-01 4.97660e-01
8.540025034e+00 8.29607e-02 9.99999e-01 9.99999e-01 1.72833e-01 8.98460e-01 9.99999e-01 9.99999e-01 9.99997e-01 4.85994e-01
8.582725160e+00 1.33877e-01 9.99999e-01 9.99999e-01 2.88337e-01 8.50244e-01 9.99999e-01 9.99999e-01 9.99998e-01 4.74031e-01
8.625638785e+00 1.06652e-01 9.99999e-01 9.99999e-01 2.31489e-01 9.90689e-01 9.99999e-01 9.99999e-01 9.99998e-01 4.61909e-01
8.668766979e+00 1.46955e-01 9.99999e-01 9.99999e-01 3.34261e-01 8.55925e-01 9.99999e-01 9.99999e-01 9.99998e-01 4.49918e-01
8.712110814e+00 2.08502e-01 9.99999e-01 9.99999e-01 4.79987e-01 9.49080e-01 9.99999e-01 9.99999e-01 9.99998e-01 4.37877e-01
8.755671368e+00 2.33653e-01 9.99999e-01 9.99999e-01 5.51028e-01 9.83442e-01 9.99999e-01 9.99999e-01 9.99998e-01 4.26128e-01
8.799449725e+00 1.80130e-01 9.99999e-01 9.99999e-01 4.65480e-01 7.42554e-01 9.99999e-01 9.99999e-01 9.99998e-01 4.14204e-01
8.843446974e+00 2.69853e-01 9.99999e-01 9.99999e-01 6.74490e-01 9.89186e-01 9.99999e-01 9.99999e-01 9.99998e-01 4.01978e-01
8.887664209e+00 2.68143e-01 9.99999e-01 9.99999e-01 6.89617e-01 9.93135e-01 9.99999e-01 9.99999e-01 9.99998e-01 3.90135e-01
8.932102530e+00 2.26300e-01 9.99999e-01 9.99999e-01 6.05387e-01 9.14317e-01 9.99999e-01 9.99999e-01 9.99998e-01 3.78592e-01
8.976763042e+00 2.79143e-01 9.99999e-01 9.99999e-01 7.67464e-01 9.60533e-01 9.99999e-01 9.99999e-01 9.99998e-01 3.66826e-01
9.021646857e+00 2.45716e-01 9.99999e-01 9.99999e-01 7.14095e-01 8.92060e-01 9.99999e-01 9.99999e-01 9.99998e-01 3.55122e-01
9.066755092e+00 2.61358e-01 9.99999e-01 9.99999e-01 7.71210e-01 9.48727e-01 9.99999e-01 9.99999e-01 9.99998e-01 3.43859e-01
9.112088867e+00 2.63665e-01 9.99999e-01 9.99999e-01 7.95575e-01 9.79803e-01 9.99999e-01 9.99999e-01 9.99998e-01 3.32845e-01
9.157649312e+00 2.53980e-01 9.99999e-01 9.99999e-01 8.02691e-01 9.42655e-01 9.99999e-01 9.99999e-01 9.99998e-01 3.22412e-01
9.203437558e+00 2.62226e-01 9.99999e-01 9.99999e-01 8.45231e-01 9.82619e-01 9.99999e-01 9.99999e-01 9.99998e-01 3.12329e-01
9.249454746e+00 2.70933e-01 9.99999e-01 9.99999e-01 8.98024e-01 9.93822e-01 9.99999e-01 9.99999e-01 9.99998e-01 3.02556e-01
9.295702020e+00 2.50757e-01 9.99999e-01 9.99999e-01 8.82526e-01 9.37311e-01 9.99999e-01 9.99999e-01 9.99998e-01 2.93680e-01
9.342180530e+00 2.57994e-01 9.99999e-01 9.99999e-01 9.07608e-01 9.91767e-01 9.99999e-01 9.99999e-01 9.99998e-01 2.85462e-01
9.388891432e+00 2.53653e-01 9.99999e-01 9.99999e-01 9.56221e-01 9.40756e-01 9.99999e-01 9.99999e-01 9.99998e-01 2.78062e-01
9.435835890e+00 2.47637e-01 9.99998e-01 9.99999e-01 9.36466e-01 9.61140e-01 9.99999e-01 9.99999e-01 9.99998e-01 2.71713e-01
9.483015069e+00 2.49502e-01 9.99997e-01 9.99999e-01 9.46285e-01 9.86571e-01 9.99999e-01 9.99999e-01 9.99998e-01 2.65986e-01
9.530430144e+00 2.48794e-01 9.99996e-01 9.99999e-01 9.80617e-01 9.67758e-01 9.99999e-01 9.99999e-01 9.99998e-01 2.61155e-01
9.578082295e+00 2.46030e-01 9.99991e-01 9.99999e-01 9.64307e-01 9.90263e-01 9.99999e-01 9.99999e-01 9.99998e-01 2.57052e-01
9.625972707e+00 2.42369e-01 9.99925e-01 9.99999e-01 9.71934e-01 9.80522e-01 9.99999e-01 9.99999e-01 9.99998e-01 2.53640e-01
9.674102570e+00 2.43359e-01 9.89615e-01 9.99999e-01 9.86916e-01 9.88106e-01 9.99999e-01 9.99999e-01 9.99998e-01 2.51062e-01
9.722473083e+00 2.34177e-01 9.99980e-01 9.99999e-01 9.91855e-01 9.47710e-01 9.99999e-01 9.99999e-01 9.99998e-01 2.48573e-01
9.771085448e+00 2.42533e-01 9.99994e-01 9.99999e-01 9.84649e-01 9.97690e-01 9.99999e-01 9.99999e-01 9.99998e-01 2.46841e-01
9.819940876e+00 2.35692e-01 9.99997e-01 9.99999e-01 9.96277e-01 9.62864e-01 9.99999e-01 9.99999e-01 9.99998e-01 2.45423e-01
9.869040580e+00 2.35631e-01 9.99998e-01 9.99999e-01 9.94186e-01 9.69315e-01 9.99999e-01 9.99999e-01 9.99998e-01 2.44232e-01
9.918385783e+00 2.36762e-01 9.99999e-01 9.99999e-01 9.93037e-01 9.78757e-01 9.99999e-01 9.99999e-01 9.99998e-01 2.43367e-01
9.967977712e+00 2.39751e-01 9.99999e-01 9.99999e-01 9.97330e-01 9.90806e-01 9.99999e-01 9.99999e-01 9.99998e-01 2.42583e-01
1.001781760e+01 2.37454e-01 9.99999e-01 9.99999e-01 9.98364e-01 9.83642e-01 9.99999e-01 9.99999e-01 9.99998e-01 2.41756e-01
1.006790669e+01 2.39943e-01 9.99999e-01 9.99999e-01 9.96816e-01 9.99159e-01 9.99999e-01 9.99999e-01 9.99998e-01 2.40909e-01
1.011824622e+01 2.39409e-01 9.99999e-01 9.99999e-01 9.99374e-01 9.98965e-01 9.99999e-01 9.99999e-01 9.99998e-01 2.39806e-01
1.016883745e+01 2.36638e-01 9.99999e-01 9.99999e-01 9.99192e-01 9.93104e-01 9.99999e-01 9.99999e-01 9.99998e-01 2.38467e-01
1.021968164e+01 2.30608e-01 9.99999e-01 9.99999e-01 9.99079e-01 9.74587e-01 9.99999e-01 9.99999e-01 9.99998e-01 2.36816e-01
1.027078005e+01 2.26734e-01 9.99999e-01 9.99999e-01 9.99303e-01 9.66010e-01 9.99999e-01 9.99999e-01 9.99998e-01 2.34855e-01
1.032213395e+01 2.29852e-01 9.99999e-01 9.99999e-01 9.99720e-01 9.89428e-01 9.99999e-01 9.99999e-01 9.99998e-01 2.32368e-01
1.037374462e+01 2.28482e-01 9.99999e-01 9.99999e-01 9.99661e-01 9.95866e-01 9.99999e-01 9.99999e-01 9.99998e-01 2.29506e-01
1.042561334e+01 2.23691e-01 9.99999e-01 9.99999e-01 9.99694e-01 9.89151e-01 9.99999e-01 9.99999e-01 9.99998e-01 2.26210e-01
1.047774141e+01 2.14394e-01 9.99999e-01 9.99999e-01 9.99856e-01 9.63324e-01 9.99999e-01 9.99999e-01 9.99998e-01 2.22582e-01
1.053013012e+01 2.12742e-01 9.99997e-01 9.99999e-01 9.99899e-01 9.73640e-01 9.99999e-01 9.99999e-01 9.99998e-01 2.18520e-01
1.058278077e+01 2.10506e-01 9.99999e-01 9.99999e-01 9.99858e-01 9.83664e-01 9.99999e-01 9.99999e-01 9.99998e-01 2.14030e-01
1.063569467e+01 2.08078e-01 9.99999e-01 9.99999e-01 9.99932e-01 9.94603e-01 9.99999e-01 9.99999e-01 9.99998e-01 2.09220e-01
1.068887314e+01 2.03960e-01 9.99999e-01 9.99999e-01 9.99965e-01 9.99333e-01 9.99999e-01 9.99999e-01 9.99998e-01 2.04103e-01
1.074231751e+01 1.98266e-01 9.99999e-01 9.99999e-01 9.99910e-01 9.97380e-01 9.99999e-01 9.99999e-01 9.99998e-01 1.98804e-01
1.079602910e+01 1.84173e-01 9.99999e-01 9.99999e-01 9.99978e-01 9.53192e-01 9.99999e-01 9.99999e-01 9.99998e-01 1.93220e-01
1.085000924e+01 1.77498e-01 9.99999e-01 9.99999e-01 9.99973e-01 9.46758e-01 9.99999e-01 9.99999e-01 9.99998e-01 1.87482e-01
1.090425929e+01 1.80360e-01 9.99999e-01 9.99999e-01 9.99990e-01 9.92718e-01 9.99999e-01 9.99999e-01 9.99998e-01 1.81684e-01
1.095878058e+01 1.74026e-01 9.99999e-01 9.99999e-01 9.99977e-01 9.90758e-01 9.99999e-01 9.99999e-01 9.99998e-01 1.75653e-01
1.101357449e+01 1.58201e-01 9.99999e-01 9.99999e-01 9.99995e-01 9.33896e-01 9.99999e-01 9.99999e-01 9.99998e-01 1.69399e-01
1.106864236e+01 1.62887e-01 9.99999e-01 9.99999e-01 9.99990e-01 9.97459e-01 9.99999e-01 9.99999e-01 9.99998e-01 1.63304e-01
1.112398557e+01 1.56169e-01 9.99999e-01 9.99999e-01 9.99995e-01 9.93375e-01 9.99999e-01 9.99999e-01 9.99998e-01 1.57212e-01
1.117960550e+01 1.50958e-01 9.99999e-01 9.99999e-01 9.99994e-01 9.97914e-01 9.99999e-01 9.99999e-01 9.99998e-01 1.51275e-01
1.123550353e+01 1.39437e-01 9.99999e-01 9.99999e-01 9.99996e-01 9.59806e-01 9.99999e-01 9.99999e-01 9.99998e-01 1.45277e-01
1.129168104e+01 1.31991e-01 9.99999e-01 9.99999e-01 9.99995e-01 9.48201e-01 9.99999e-01 9.99999e-01 9.99999e-01 1.39202e-01
1.134813945e+01 1.30316e-01 9.99999e-01 9.99999e-01 9.99997e-01 9.77364e-01 9.99999e-01 9.99999e-01 9.99999e-01 1.33335e-01
1.140488015e+01 1.24129e-01 9.99999e-01 9.99999e-01 9.99996e-01 9.72703e-01 9.99999e-01 9.99999e-01 9.99999e-01 1.27613e-01
1.146190455e+01 1.13529e-01 9.99999e-01 9.99999e-01 9.99998e-01 9.30090e-01 9.99999e-01 9.99999e-01 9.99999e-01 1.22063e-01
1.151921407e+01 1.15264e-01 9.99999e-01 9.99999e-01 9.99998e-01 9.87713e-01 9.99999e-01 9.99999e-01 9.99999e-01 1.16698e-01
1.157681014e+01 1.08222e-01 9.99999e-01 9.99999e-01 9.99998e-01 9.70060e-01 9.99999e-01 9.99999e-01 9.99999e-01 1.11563e-01
1.163469419e+01 1.05233e-01 9.99999e-01 9.99999e-01 9.99999e-01 9.84964e-01 9.99999e-01 9.99999e-01 9.99999e-01 1.06840e-01
1.169286766e+01 9.52548e-02 9.99999e-01 9.99999e-01 9.99998e-01 9.30476e-01 9.99999e-01 9.99999e-01 9.99999e-01 1.02372e-01
1.175133200e+01 8.66431e-02 9.99999e-01 9.99999e-01 9.99999e-01 8.83017e-01 9.99999e-01 9.99999e-01 9.99999e-01 9.81216e-02
1.181008866e+01 9.21328e-02 9.99999e-01 9.99999e-01 9.99999e-01 9.78591e-01 9.99999e-01 9.99999e-01 9.99999e-01 9.41484e-02
1.186913910e+01 8.62632e-02 9.99999e-01 9.99999e-01 9.99999e-01 9.53451e-01 9.99999e-01 9.99999e-01 9.99999e-01 9.04747e-02
1.192848480e+01 8.42081e-02 9.99998e-01 9.99999e-01 9.99999e-01 9.67377e-01 9.99999e-01 9.99999e-01 9.99999e-01 8.70479e-02
1.198812722e+01 8.32648e-02 9.99998e-01 9.99999e-01 9.99999e-01 9.92019e-01 9.99999e-01 9.99999e-01 9.99999e-01 8.39347e-02
1.204806786e+01 8.06520e-02 9.99997e-01 9.99999e-01 9.99999e-01 9.94619e-01 9.99999e-01 9.99999e-01 9.99999e-01 8.10885e-02
1.210830820e+01 7.08048e-02 9.99995e-01 9.99999e-01 9.99999e-01 9.02272e-01 9.99999e-01 9.99999e-01 9.99999e-01 7.84742e-02
1.216884974e+01 7.59003e-02 9.99989e-01 9.99999e-01 9.99999e-01 9.97551e-01 9.99999e-01 9.99999e-01 9.99999e-01 7.60873e-02
1.222969399e+01 7.35290e-02 9.99857e-01 9.99999e-01 9.99999e-01 9.94867e-01 9.99999e-01 9.99999e-01 9.99999e-01 7.39184e-02
1.229084246e+01 6.27623e-02 9.81790e-01 9.99999e-01 9.99999e-01 8.74957e-01 9.99999e-01 9.99999e-01 9.99999e-01 7.19130e-02
1.235229667e+01 6.54576e-02 9.99975e-01 9.99999e-01 9.99999e-01 9.35520e-01 9.99999e-01 9.99999e-01 9.99999e-01 6.99706e-02
1.241405815e+01 6.20204e-02 9.99992e-01 9.99999e-01 9.99999e-01 9.09707e-01 9.99999e-01 9.99999e-01 9.99999e-01 6.81766e-02
1.247612845e+01 6.02592e-02 9.99996e-01 9.99999e-01 9.99999e-01 9.05777e-01 9.99999e-01 9.99999e-01 9.99999e-01 6.65278e-02
1.253850909e+01 4.11857e-02 9.99997e-01 9.99999e-01 9.99999e-01 6.34569e-01 9.99999e-01 9.99999e-01 9.99999e-01 6.49035e-02
1.260120163e+01 5.61557e-02 9.99998e-01 9.99999e-01 9.99999e-01 8.86860e-01 9.99999e-01 9.99999e-01 9.99999e-01 6.33197e-02
1.266420764e+01 6.09880e-02 9.99998e-01 9.99999e-01 9.99999e-01 9.86703e-01 9.99999e-01 9.99999e-01 9.99999e-01 6.18098e-02
1.272752868e+01 5.02815e-02 9.99993e-01 9.99999e-01 9.99998e-01 8.34298e-01 9.99999e-01 9.99999e-01 9.99999e-01 6.02681e-02
1.279116632e+01 5.61992e-02 9.99999e-01 9.99999e-01 9.99999e-01 9.56194e-01 9.99999e-01 9.99999e-01 9.99999e-01 5.87738e-02
1.285512215e+01 4.40042e-02 9.99999e-01 9.99999e-01 9.99999e-01 7.68617e-01 9.99999e-01 9.99999e-01 9.99999e-01 5.72510e-02
1.291939776e+01 5.25885e-02 9.99999e-01 9.99999e-01 9.99999e-01 9.43867e-01 9.99999e-01 9.99999e-01 9.99999e-01 5.57160e-02
1.298399475e+01 4.58733e-02 9.99999e-01 9.99999e-01 9.99999e-01 8.46536e-01 9.99999e-01 9.99999e-01 9.99999e-01 5.41894e-02
1.304891473e+01 5.07430e-02 9.99999e-01 9.99999e-01 9.99999e-01 9.65753e-01 9.99999e-01 9.99999e-01 9.99999e-01 5.25423e-02
1.311415930e+01 5.02148e-02 9.99999e-01 9.99999e-01 9.99999e-01 9.87379e-01 9.99999e-01 9.99999e-01 9.99999e-01 5.08566e-02
1.317973010e+01 4.85501e-02 9.99999e-01 9.99999e-01 9.99999e-01 9.87696e-01 9.99999e-01 9.99999e-01 9.99999e-01 4.91549e-02
1.324562875e+01 3.23110e-02 9.99999e-01 9.99999e-01 9.99999e-01 6.81296e-01 9.99999e-01 9.99999e-01 9.99999e-01 4.74257e-02
1.331185689e+01 4.27442e-02 9.99999e-01 9.99999e-01 9.99999e-01 9.36512e-01 9.99999e-01 9.99999e-01 9.99999e-01 4.56418e-02
1.337841618e+01 3.77711e-02 9.99999e-01 9.99999e-01 9.99999e-01 8.62628e-01 9.99999e-01 9.99999e-01 9.99999e-01 4.37860e-02
1.344530826e+01 3.02719e-02 9.99999e-01 9.99999e-01 9.99999e-01 7.22953e-01 9.99999e-01 9.99999e-01 9.99999e-01 4.18726e-02
1.351253480e+01 3.35679e-02 9.99999e-01 9.99999e-01 9.99999e-01 8.40343e-01 9.99999e-01 9.99999e-01 9.99999e-01 3.99454e-02
1.358009747e+01 3.76902e-02 9.99999e-01 9.99999e-01 9.99998e-01 9.90044e-01 9.99999e-01 9.99999e-01 9.99999e-01 3.80693e-02
1.364799796e+01 3.34346e-02 9.99999e-01 9.99999e-01 9.99999e-01 9.24333e-01 9.99999e-01 9.99999e-01 9.99999e-01 3.61716e-02
1.371623795e+01 2.35328e-02 9.99999e-01 9.99999e-01 9.99999e-01 6.87296e-01 9.99999e-01 9.99999e-01 9.99999e-01 3.42396e-02
1.378481914e+01 3.20082e-02 9.99999e-01 9.99999e-01 9.99999e-01 9.88684e-01 9.99999e-01 9.99999e-01 9.99999e-01 3.23745e-02
1.385374323e+01 2.88803e-02 9.99999e-01 9.99999e-01 9.99998e-01 9.44103e-01 9.99999e-01 9.99999e-01 9.99999e-01 3.05902e-02
1.392301195e+01 2.73618e-02 9.99999e-01 9.99999e-01 9.99998e-01 9.50916e-01 9.99999e-01 9.99999e-01 9.99999e-01 2.87741e-02
1.399262701e+01 2.19559e-02 9.99999e-01 9.99999e-01 9.99999e-01 8.13907e-01 9.99999e-01 9.99999e-01 9.99999e-01 2.69759e-02
1.406259015e+01 2.37642e-02 9.99999e-01 9.99999e-01 9.99999e-01 9.39450e-01 9.99999e-01 9.99999e-01 9.99999e-01 2.52958e-02
1.413290310e+01 1.40633e-02 9.99999e-01 9.99999e-01 9.99999e-01 5.94170e-01 9.99999e-01 9.99999e-01 9.99999e-01 2.36688e-02
1.420356761e+01 1.32207e-02 9.99999e-01 9.99999e-01 9.99998e-01 5.98562e-01 9.99999e-01 9.99999e-01 9.99999e-01 2.20875e-02
1.427458545e+01 1.93667e-02 9.99999e-01 9.99999e-01 9.99999e-01 9.41753e-01 9.99999e-01 9.99999e-01 9.99999e-01 2.05645e-02
1.434595838e+01 7.52193e-03 9.99999e-01 9.99999e-01 9.99999e-01 3.93698e-01 9.99999e-01 9.99999e-01 9.99999e-01 1.91058e-02
1.441768817e+01 1.00681e-02 9.99999e-01 9.99999e-01 9.99999e-01 5.68233e-01 9.99999e-01 9.99999e-01 9.99999e-01 1.77183e-02
1.448977661e+01 7.80040e-03 9.99999e-01 9.99999e-01 9.99999e-01 4.75726e-01 9.99999e-01 9.99999e-01 9.99999e-01 1.63968e-02
1.456222549e+01 1.07554e-02 9.99999e-01 9.99999e-01 9.99999e-01 7.10230e-01 9.99999e-01 9.99999e-01 9.99999e-01 1.51435e-02
1.463503662e+01 1.35566e-02 9.99999e-01 9.99999e-01 9.99999e-01 9.68152e-01 9.99999e-01 9.99999e-01 9.99999e-01 1.40025e-02
1.470821180e+01 1.07833e-02 9.99999e-01 9.99999e-01 9.99999e-01 8.33087e-01 9.99999e-01 9.99999e-01 9.99999e-01 1.29437e-02
1.478175286e+01 1.11972e-02 9.99999e-01 9.99999e-01 9.99999e-01 9.37962e-01 9.99999e-01 9.99999e-01 9.99999e-01 1.19377e-02
1.485566163e+01 7.82105e-03 9.99999e-01 9.99999e-01 9.99999e-01 7.11252e-01 9.99999e-01 9.99999e-01 9.99999e-01 1.09962e-02
1.492993994e+01 4.50091e-03 9.99999e-01 9.99999e-01 9.99999e-01 4.44222e-01 9.99999e-01 9.99999e-01 9.99999e-01 1.01321e-02
1.500458964e+01 8.25280e-03 9.99996e-01 9.99999e-01 9.99999e-01 8.82805e-01 9.99999e-01 9.99999e-01 9.99999e-01 9.34840e-03
1.507961258e+01 5.64975e-03 9.99998e-01 9.99999e-01 9.99999e-01 6.57079e-01 9.99999e-01 9.99999e-01 9.99999e-01 8.59828e-03
1.515501065e+01 3.90261e-03 9.99999e-01 9.99999e-01 9.99999e-01 4.92129e-01 9.99999e-01 9.99999e-01 9.99999e-01 7.93004e-03
1.523078570e+01 6.85451e-03 9.99999e-01 9.99999e-01 9.99999e-01 9.28936e-01 9.99999e-01 9.99999e-01 9.99999e-01 7.37888e-03
1.530693963e+01 6.01611e-03 9.99999e-01 9.99999e-01 9.99999e-01 8.79549e-01 9.99999e-01 9.99999e-01 9.99999e-01 6.83998e-03
1.538347433e+01 5.77711e-03 9.99999e-01 9.99999e-01 9.99999e-01 9.13382e-01 9.99999e-01 9.99999e-01 9.99999e-01 6.32497e-03
1.546039170e+01 4.97583e-03 9.99999e-01 9.99999e-01 9.99999e-01 8.51383e-01 9.99999e-01 9.99999e-01 9.99999e-01 5.84441e-03
1.553769366e+01 3.28537e-03 9.99999e-01 9.99999e-01 9.99998e-01 6.08411e-01 9.99999e-01 9.99999e-01 9.99999e-01 5.39991e-03
1.561538212e+01 2.70855e-03 9.99999e-01 9.99999e-01 9.99999e-01 5.40055e-01 9.99999e-01 9.99999e-01 9.99999e-01 5.01531e-03
1.569345903e+01 1.52024e-03 9.99999e-01 9.99999e-01 9.99998e-01 3.24786e-01 9.99999e-01 9.99999e-01 9.99999e-01 4.68076e-03
1.577192633e+01 1.80223e-03 9.99999e-01 9.99999e-01 9.99998e-01 4.11365e-01 9.99999e-01 9.99999e-01 9.99999e-01 4.38109e-03
1.585078596e+01 3.48876e-03 9.99999e-01 9.99999e-01 9.99998e-01 8.43499e-01 9.99999e-01 9.99999e-01 9.99999e-01 4.13605e-03
1.593003989e+01 3.02111e-03 9.99999e-01 9.99999e-01 9.99999e-01 7.68227e-01 9.99999e-01 9.99999e-01 9.99999e-01 3.93258e-03
1.600969009e+01 1.69370e-03 9.99999e-01 9.99999e-01 9.99998e-01 4.49519e-01 9.99999e-01 9.99999e-01 9.99999e-01 3.76780e-03
1.608973854e+01 2.47650e-03 9.99999e-01 9.99999e-01 9.99997e-01 6.80500e-01 9.99999e-01 9.99999e-01 9.99999e-01 3.63923e-03
1.617018723e+01 2.27929e-03 9.99998e-01 9.99999e-01 9.99998e-01 6.42804e-01 9.99999e-01 9.99999e-01 9.99999e-01 3.54586e-03
1.625103817e+01 1.05448e-03 9.99994e-01 9.99999e-01 9.99996e-01 3.02119e-01 9.99999e-01 9.99999e-01 9.99999e-01 3.49027e-03
1.633229336e+01 2.29252e-03 9.99998e-01 9.99999e-01 9.99998e-01 6.61739e-01 9.99999e-01 9.99999e-01 9.99999e-01 3.46439e-03
1.641395483e+01 2.89941e-03 9.99996e-01 9.99999e-01 9.99998e-01 8.37920e-01 9.99999e-01 9.99999e-01 9.99999e-01 3.46025e-03
1.649602460e+01 3.00773e-03 9.99995e-01 9.99999e-01 9.99997e-01 8.61314e-01 9.99999e-01 9.99999e-01 9.99999e-01 3.49204e-03
1.657850473e+01 2.65864e-03 9.99994e-01 9.99999e-01 9.99999e-01 7.46843e-01 9.99999e-01 9.99999e-01 9.99999e-01 3.55985e-03
1.666139725e+01 1.40122e-03 9.99991e-01 9.99999e-01 9.99991e-01 3.83436e-01 9.99999e-01 9.99999e-01 9.99999e-01 3.65439e-03
1.674470424e+01 2.79010e-03 9.99986e-01 9.99999e-01 9.99998e-01 7.40539e-01 9.99999e-01 9.99999e-01 9.99999e-01 3.76770e-03
1.682842776e+01 1.25218e-03 9.99957e-01 9.99999e-01 9.99997e-01 3.21342e-01 9.99999e-01 9.99999e-01 9.99999e-01 3.89682e-03
1.691256990e+01 6.12171e-04 9.99847e-01 9.99999e-01 9.99995e-01 1.50268e-01 9.99999e-01 9.99999e-01 9.99999e-01 4.07411e-03
1.699713274e+01 3.25622e-03 9.88476e-01 9.99999e-01 9.99998e-01 7.62486e-01 9.99999e-01 9.99999e-01 9.99999e-01 4.29285e-03
